real ExposedPopulationShare[26, 4, 9] =
    0.0000,       
    0.0000,       
    0.0000,       
    0.0192,       
    0.0665,       
    0.2108,       
    0.3693,       
    0.5327,       
    0.5727,       
    0.0000,       
    0.0000,       
    0.0000,       
    0.0000,       
    0.0000,       
    0.0150,       
    0.0662,       
    0.1864,       
    0.2350,       
    0.0000,       
    0.0000,       
    0.0000,       
    0.0000,       
    0.0000,       
    0.0000,       
    0.0000,       
    0.0000,       
    0.0152,       
    0.0000,       
    0.0000,       
    0.0000,       
    0.0000,       
    0.0000,       
    0.0000,       
    0.0000,       
    0.0000,       
    0.0000,       
    0.6679,       
    0.6753,       
    0.7134,       
    0.7817,       
    0.8224,       
    0.8499,       
    0.8850,       
    0.9205,       
    0.9357,       
    0.4892,       
    0.5488,       
    0.5708,       
    0.6063,       
    0.6663,       
    0.7291,       
    0.7931,       
    0.8194,       
    0.8502,       
    0.3504,       
    0.3736,       
    0.4018,       
    0.4226,       
    0.4603,       
    0.5443,       
    0.5865,       
    0.6619,       
    0.7002,       
    0.2212,       
    0.2238,       
    0.2372,       
    0.2506,       
    0.2647,       
    0.3019,       
    0.3549,       
    0.3991,       
    0.4305,       
    0.4826,       
    0.4827,       
    0.4920,       
    0.5140,       
    0.5332,       
    0.5445,       
    0.5687,       
    0.6126,       
    0.6253,       
    0.4077,       
    0.4099,       
    0.4295,       
    0.4763,       
    0.4824,       
    0.4853,       
    0.5065,       
    0.5276,       
    0.5545,       
    0.3802,       
    0.3892,       
    0.3971,       
    0.4007,       
    0.4090,       
    0.4178,       
    0.4416,       
    0.4792,       
    0.4840,       
    0.3216,       
    0.3224,       
    0.3410,       
    0.3628,       
    0.3739,       
    0.3851,       
    0.3899,       
    0.4031,       
    0.4093,       
    0.8007,       
    0.8007,       
    0.8054,       
    0.8303,       
    0.8506,       
    0.8533,       
    0.8771,       
    0.8944,       
    0.9043,       
    0.7415,       
    0.7474,       
    0.7786,       
    0.8015,       
    0.8110,       
    0.8262,       
    0.8513,       
    0.8564,       
    0.8771,       
    0.7027,       
    0.7126,       
    0.7288,       
    0.7430,       
    0.7730,       
    0.8007,       
    0.8086,       
    0.8215,       
    0.8513,       
    0.5719,       
    0.5729,       
    0.6352,       
    0.6926,       
    0.7070,       
    0.7269,       
    0.7518,       
    0.7742,       
    0.7875,       
    0.8082,       
    0.8195,       
    0.9216,       
    0.9541,       
    0.9649,       
    0.9737,       
    0.9764,       
    0.9942,       
    0.9953,       
    0.7041,       
    0.7161,       
    0.7767,       
    0.8123,       
    0.9202,       
    0.9498,       
    0.9644,       
    0.9723,       
    0.9753,       
    0.5868,       
    0.6003,       
    0.6312,       
    0.6755,       
    0.7287,       
    0.7926,       
    0.8235,       
    0.9213,       
    0.9477,       
    0.4144,       
    0.4733,       
    0.5117,       
    0.5358,       
    0.5828,       
    0.6102,       
    0.6618,       
    0.7001,       
    0.7386,       
    0.5094,       
    0.5104,       
    0.5212,       
    0.5286,       
    0.5357,       
    0.5429,       
    0.5882,       
    0.5966,       
    0.6201,       
    0.4017,       
    0.4059,       
    0.4789,       
    0.4922,       
    0.5167,       
    0.5264,       
    0.5367,       
    0.5520,       
    0.5725,       
    0.3146,       
    0.3166,       
    0.3263,       
    0.3402,       
    0.3786,       
    0.4045,       
    0.4287,       
    0.5046,       
    0.5329,       
    0.2566,       
    0.2621,       
    0.2765,       
    0.2879,       
    0.3043,       
    0.3109,       
    0.3237,       
    0.3486,       
    0.3736,       
    0.9919,       
    0.9944,       
    0.9984,       
    0.9994,       
    0.9994,       
    0.9994,       
    1.0000,       
    1.0000,       
    1.0000,       
    0.9297,       
    0.9418,       
    0.9751,       
    0.9889,       
    0.9943,       
    0.9967,       
    0.9989,       
    0.9994,       
    0.9994,       
    0.7564,       
    0.7698,       
    0.8244,       
    0.8816,       
    0.9178,       
    0.9538,       
    0.9803,       
    0.9840,       
    0.9887,       
    0.5320,       
    0.5454,       
    0.6057,       
    0.6859,       
    0.7225,       
    0.7470,       
    0.7974,       
    0.8330,       
    0.8655,       
    0.9649,       
    0.9652,       
    0.9715,       
    0.9728,       
    0.9744,       
    0.9773,       
    0.9826,       
    0.9872,       
    0.9874,       
    0.9489,       
    0.9519,       
    0.9614,       
    0.9664,       
    0.9718,       
    0.9731,       
    0.9756,       
    0.9782,       
    0.9872,       
    0.9189,       
    0.9286,       
    0.9441,       
    0.9518,       
    0.9559,       
    0.9631,       
    0.9680,       
    0.9732,       
    0.9734,       
    0.8695,       
    0.8781,       
    0.8944,       
    0.9077,       
    0.9355,       
    0.9458,       
    0.9531,       
    0.9558,       
    0.9634,       
    0.4231,       
    0.4406,       
    0.4789,       
    0.5059,       
    0.5323,       
    0.5693,       
    0.5973,       
    0.6167,       
    0.6402,       
    0.3952,       
    0.3976,       
    0.4114,       
    0.4414,       
    0.4884,       
    0.5145,       
    0.5343,       
    0.5652,       
    0.6028,       
    0.3595,       
    0.3622,       
    0.3720,       
    0.3896,       
    0.4079,       
    0.4336,       
    0.4758,       
    0.5082,       
    0.5282,       
    0.2970,       
    0.3007,       
    0.3180,       
    0.3370,       
    0.3590,       
    0.3716,       
    0.3871,       
    0.4176,       
    0.4530,       
    0.3885,       
    0.4005,       
    0.4866,       
    0.5891,       
    0.6443,       
    0.6717,       
    0.8761,       
    0.8998,       
    0.9144,       
    0.1984,       
    0.2125,       
    0.2420,       
    0.3561,       
    0.4704,       
    0.5069,       
    0.5543,       
    0.6464,       
    0.8415,       
    0.1033,       
    0.1186,       
    0.1488,       
    0.1761,       
    0.2016,       
    0.2438,       
    0.3493,       
    0.4540,       
    0.4968,       
    0.0204,       
    0.0207,       
    0.0340,       
    0.0523,       
    0.0682,       
    0.1127,       
    0.1401,       
    0.1862,       
    0.2118,       
    0.1971,       
    0.2004,       
    0.2292,       
    0.2684,       
    0.3028,       
    0.3553,       
    0.4323,       
    0.5122,       
    0.5585,       
    0.1097,       
    0.1301,       
    0.1543,       
    0.1903,       
    0.2237,       
    0.2508,       
    0.2826,       
    0.3182,       
    0.3615,       
    0.0318,       
    0.0418,       
    0.0624,       
    0.0986,       
    0.1417,       
    0.1695,       
    0.1879,       
    0.2199,       
    0.2350,       
    0.0000,       
    0.0000,       
    0.0002,       
    0.0037,       
    0.0079,       
    0.0407,       
    0.0570,       
    0.0836,       
    0.1065,       
    0.1557,       
    0.1732,       
    0.2526,       
    0.3192,       
    0.3835,       
    0.4176,       
    0.5502,       
    0.7274,       
    0.8400,       
    0.0359,       
    0.0408,       
    0.1079,       
    0.1540,       
    0.2365,       
    0.3106,       
    0.3653,       
    0.4149,       
    0.4684,       
    0.0101,       
    0.0101,       
    0.0111,       
    0.0199,       
    0.0574,       
    0.1190,       
    0.1748,       
    0.2714,       
    0.3090,       
    0.0066,       
    0.0066,       
    0.0067,       
    0.0084,       
    0.0093,       
    0.0093,       
    0.0151,       
    0.0226,       
    0.0567,       
    0.5087,       
    0.6049,       
    0.6718,       
    0.7650,       
    0.8226,       
    0.8847,       
    0.9337,       
    0.9521,       
    0.9786,       
    0.3487,       
    0.3576,       
    0.3886,       
    0.5631,       
    0.6700,       
    0.7543,       
    0.8189,       
    0.8518,       
    0.9201,       
    0.2862,       
    0.2914,       
    0.3087,       
    0.3439,       
    0.3608,       
    0.3927,       
    0.5676,       
    0.6835,       
    0.7536,       
    0.1340,       
    0.1475,       
    0.1833,       
    0.2200,       
    0.2731,       
    0.2894,       
    0.3122,       
    0.3412,       
    0.3515,       
    0.2895,       
    0.3728,       
    0.4503,       
    0.5514,       
    0.6478,       
    0.6971,       
    0.7890,       
    0.9279,       
    0.9683,       
    0.0006,       
    0.0427,       
    0.1624,       
    0.2400,       
    0.3559,       
    0.4606,       
    0.6145,       
    0.6695,       
    0.7533,       
    0.0000,       
    0.0000,       
    0.0000,       
    0.0000,       
    0.0019,       
    0.0583,       
    0.1945,       
    0.3308,       
    0.4436,       
    0.0000,       
    0.0000,       
    0.0000,       
    0.0000,       
    0.0000,       
    0.0000,       
    0.0000,       
    0.0000,       
    0.0000,       
    0.7135,       
    0.7235,       
    0.7994,       
    0.8280,       
    0.8578,       
    0.8724,       
    0.8771,       
    0.8834,       
    0.8898,       
    0.6505,       
    0.6672,       
    0.6851,       
    0.7431,       
    0.7693,       
    0.8146,       
    0.8422,       
    0.8615,       
    0.8752,       
    0.5504,       
    0.5525,       
    0.5834,       
    0.6364,       
    0.6435,       
    0.7092,       
    0.7411,       
    0.7533,       
    0.7765,       
    0.2043,       
    0.2321,       
    0.2909,       
    0.4029,       
    0.4589,       
    0.5327,       
    0.5777,       
    0.6080,       
    0.6333,       
    0.2299,       
    0.2430,       
    0.2996,       
    0.3240,       
    0.3951,       
    0.4842,       
    0.5762,       
    0.7464,       
    0.8085,       
    0.1370,       
    0.1565,       
    0.1853,       
    0.2004,       
    0.2320,       
    0.2749,       
    0.3177,       
    0.3697,       
    0.4636,       
    0.0476,       
    0.0533,       
    0.0726,       
    0.1159,       
    0.1353,       
    0.1619,       
    0.1865,       
    0.2157,       
    0.2420,       
    0.0052,       
    0.0068,       
    0.0280,       
    0.0343,       
    0.0382,       
    0.0441,       
    0.0530,       
    0.0723,       
    0.1184,       
    0.8867,       
    0.8999,       
    0.9180,       
    0.9342,       
    0.9430,       
    0.9442,       
    0.9593,       
    0.9602,       
    0.9692,       
    0.8386,       
    0.8411,       
    0.8690,       
    0.8826,       
    0.9176,       
    0.9338,       
    0.9411,       
    0.9442,       
    0.9593,       
    0.7785,       
    0.7826,       
    0.8085,       
    0.8251,       
    0.8454,       
    0.8726,       
    0.9066,       
    0.9241,       
    0.9350,       
    0.5518,       
    0.5522,       
    0.6109,       
    0.6698,       
    0.7268,       
    0.7764,       
    0.8064,       
    0.8288,       
    0.8436,       
    0.9823,       
    0.9823,       
    0.9833,       
    0.9837,       
    0.9857,       
    0.9865,       
    0.9886,       
    0.9898,       
    0.9910,       
    0.9798,       
    0.9798,       
    0.9798,       
    0.9823,       
    0.9833,       
    0.9837,       
    0.9861,       
    0.9865,       
    0.9876,       
    0.9764,       
    0.9769,       
    0.9794,       
    0.9797,       
    0.9797,       
    0.9813,       
    0.9823,       
    0.9836,       
    0.9852,       
    0.9616,       
    0.9624,       
    0.9653,       
    0.9708,       
    0.9755,       
    0.9764,       
    0.9793,       
    0.9796,       
    0.9795,       
    0.7867,       
    0.8004,       
    0.8270,       
    0.8673,       
    0.8880,       
    0.9017,       
    0.9378,       
    0.9585,       
    0.9602,       
    0.1934,       
    0.2348,       
    0.5451,       
    0.7313,       
    0.7943,       
    0.8215,       
    0.8393,       
    0.8806,       
    0.9019,       
    0.0000,       
    0.0000,       
    0.0000,       
    0.0037,       
    0.0200,       
    0.1894,       
    0.5026,       
    0.6335,       
    0.7676,       
    0.0000,       
    0.0000,       
    0.0000,       
    0.0000,       
    0.0000,       
    0.0000,       
    0.0000,       
    0.0000,       
    0.0000,       
    0.8141,       
    0.8207,       
    0.8443,       
    0.8761,       
    0.8960,       
    0.9125,       
    0.9223,       
    0.9341,       
    0.9440,       
    0.7488,       
    0.7548,       
    0.7767,       
    0.8023,       
    0.8275,       
    0.8610,       
    0.8816,       
    0.8993,       
    0.9120,       
    0.6611,       
    0.6750,       
    0.6998,       
    0.7237,       
    0.7464,       
    0.7664,       
    0.7888,       
    0.8157,       
    0.8343,       
    0.2364,       
    0.2551,       
    0.3299,       
    0.4634,       
    0.5489,       
    0.6297,       
    0.6684,       
    0.7001,       
    0.7198,       
    0.9763,       
    0.9773,       
    0.9833,       
    0.9859,       
    0.9887,       
    0.9890,       
    0.9908,       
    0.9916,       
    0.9921,       
    0.9609,       
    0.9640,       
    0.9712,       
    0.9764,       
    0.9835,       
    0.9873,       
    0.9888,       
    0.9891,       
    0.9908,       
    0.9455,       
    0.9456,       
    0.9573,       
    0.9613,       
    0.9702,       
    0.9742,       
    0.9808,       
    0.9866,       
    0.9884,       
    0.9238,       
    0.9252,       
    0.9289,       
    0.9362,       
    0.9436,       
    0.9565,       
    0.9603,       
    0.9687,       
    0.9733,       
    0.9647,       
    0.9684,       
    0.9689,       
    0.9706,       
    0.9725,       
    0.9741,       
    0.9761,       
    0.9775,       
    0.9813,       
    0.9570,       
    0.9598,       
    0.9647,       
    0.9689,       
    0.9703,       
    0.9724,       
    0.9737,       
    0.9760,       
    0.9775,       
    0.9364,       
    0.9368,       
    0.9406,       
    0.9611,       
    0.9668,       
    0.9690,       
    0.9710,       
    0.9725,       
    0.9737,       
    0.9069,       
    0.9154,       
    0.9277,       
    0.9351,       
    0.9377,       
    0.9442,       
    0.9645,       
    0.9687,       
    0.9690,       
    0.8380,       
    0.8427,       
    0.8582,       
    0.8812,       
    0.9028,       
    0.9109,       
    0.9210,       
    0.9232,       
    0.9253,       
    0.7468,       
    0.7496,       
    0.7595,       
    0.8186,       
    0.8362,       
    0.8413,       
    0.8755,       
    0.8980,       
    0.9067,       
    0.3185,       
    0.3394,       
    0.5517,       
    0.6127,       
    0.6961,       
    0.7196,       
    0.7501,       
    0.7639,       
    0.8227,       
    0.0115,       
    0.0115,       
    0.0116,       
    0.0117,       
    0.0123,       
    0.0346,       
    0.1156,       
    0.2886,       
    0.3342,       
    0.6266,       
    0.6923,       
    0.7094,       
    0.7196,       
    0.7631,       
    0.7741,       
    0.7970,       
    0.8128,       
    0.8195,       
    0.3386,       
    0.3486,       
    0.3630,       
    0.3725,       
    0.4560,       
    0.6212,       
    0.7005,       
    0.7095,       
    0.7184,       
    0.1240,       
    0.1260,       
    0.1307,       
    0.1523,       
    0.1933,       
    0.2298,       
    0.2928,       
    0.3394,       
    0.3747,       
    0.0763,       
    0.0826,       
    0.0956,       
    0.1001,       
    0.1056,       
    0.1131,       
    0.1209,       
    0.1264,       
    0.1314,       
    0.9299,       
    0.9308,       
    0.9318,       
    0.9356,       
    0.9521,       
    0.9562,       
    0.9596,       
    0.9629,       
    0.9675,       
    0.9127,       
    0.9127,       
    0.9246,       
    0.9302,       
    0.9321,       
    0.9490,       
    0.9541,       
    0.9561,       
    0.9594,       
    0.8851,       
    0.8912,       
    0.8948,       
    0.9094,       
    0.9154,       
    0.9291,       
    0.9304,       
    0.9472,       
    0.9506,       
    0.8655,       
    0.8655,       
    0.8662,       
    0.8680,       
    0.8790,       
    0.8895,       
    0.9025,       
    0.9100,       
    0.9154,       
    0.6945,       
    0.7310,       
    0.7821,       
    0.8298,       
    0.8559,       
    0.8838,       
    0.9077,       
    0.9199,       
    0.9358,       
    0.5844,       
    0.5992,       
    0.6450,       
    0.7301,       
    0.7832,       
    0.8237,       
    0.8611,       
    0.8934,       
    0.9121,       
    0.4488,       
    0.4619,       
    0.5199,       
    0.5700,       
    0.6197,       
    0.7003,       
    0.7678,       
    0.8008,       
    0.8468,       
    0.3256,       
    0.3378,       
    0.3661,       
    0.3969,       
    0.4341,       
    0.4832,       
    0.5622,       
    0.6227,       
    0.6887;