real ExposedPopulationShare[26, 4, 9] =
    0.0000,       
    0.0000,       
    0.0000,       
    0.0195,       
    0.0672,       
    0.2120,       
    0.3707,       
    0.5338,       
    0.5737,       
    0.0000,       
    0.0000,       
    0.0000,       
    0.0000,       
    0.0000,       
    0.0156,       
    0.0673,       
    0.1881,       
    0.2367,       
    0.0000,       
    0.0000,       
    0.0000,       
    0.0000,       
    0.0000,       
    0.0000,       
    0.0000,       
    0.0000,       
    0.0160,       
    0.0000,       
    0.0000,       
    0.0000,       
    0.0000,       
    0.0000,       
    0.0000,       
    0.0000,       
    0.0000,       
    0.0000,       
    0.6679,       
    0.6754,       
    0.7137,       
    0.7821,       
    0.8229,       
    0.8504,       
    0.8855,       
    0.9209,       
    0.9360,       
    0.4892,       
    0.5489,       
    0.5712,       
    0.6069,       
    0.6670,       
    0.7298,       
    0.7938,       
    0.8200,       
    0.8509,       
    0.3504,       
    0.3738,       
    0.4024,       
    0.4235,       
    0.4616,       
    0.5456,       
    0.5878,       
    0.6631,       
    0.7012,       
    0.2213,       
    0.2240,       
    0.2379,       
    0.2518,       
    0.2664,       
    0.3038,       
    0.3569,       
    0.4012,       
    0.4326,       
    0.4826,       
    0.4827,       
    0.4917,       
    0.5136,       
    0.5326,       
    0.5438,       
    0.5678,       
    0.6117,       
    0.6243,       
    0.4077,       
    0.4098,       
    0.4293,       
    0.4759,       
    0.4818,       
    0.4845,       
    0.5054,       
    0.5264,       
    0.5533,       
    0.3802,       
    0.3891,       
    0.3970,       
    0.4004,       
    0.4083,       
    0.4169,       
    0.4405,       
    0.4780,       
    0.4826,       
    0.3216,       
    0.3223,       
    0.3408,       
    0.3625,       
    0.3735,       
    0.3846,       
    0.3892,       
    0.4023,       
    0.4078,       
    0.8007,       
    0.8007,       
    0.8054,       
    0.8303,       
    0.8506,       
    0.8533,       
    0.8771,       
    0.8944,       
    0.9043,       
    0.7415,       
    0.7474,       
    0.7787,       
    0.8015,       
    0.8110,       
    0.8262,       
    0.8513,       
    0.8564,       
    0.8771,       
    0.7027,       
    0.7126,       
    0.7288,       
    0.7430,       
    0.7730,       
    0.8007,       
    0.8086,       
    0.8216,       
    0.8513,       
    0.5719,       
    0.5729,       
    0.6352,       
    0.6926,       
    0.7070,       
    0.7269,       
    0.7518,       
    0.7742,       
    0.7875,       
    0.8082,       
    0.8195,       
    0.9216,       
    0.9541,       
    0.9649,       
    0.9737,       
    0.9765,       
    0.9942,       
    0.9953,       
    0.7041,       
    0.7161,       
    0.7767,       
    0.8123,       
    0.9202,       
    0.9498,       
    0.9644,       
    0.9724,       
    0.9753,       
    0.5868,       
    0.6003,       
    0.6312,       
    0.6755,       
    0.7287,       
    0.7926,       
    0.8235,       
    0.9213,       
    0.9477,       
    0.4144,       
    0.4734,       
    0.5117,       
    0.5358,       
    0.5828,       
    0.6102,       
    0.6619,       
    0.7001,       
    0.7387,       
    0.5094,       
    0.5104,       
    0.5212,       
    0.5285,       
    0.5356,       
    0.5427,       
    0.5881,       
    0.5964,       
    0.6199,       
    0.4017,       
    0.4059,       
    0.4788,       
    0.4921,       
    0.5166,       
    0.5262,       
    0.5365,       
    0.5518,       
    0.5724,       
    0.3146,       
    0.3166,       
    0.3262,       
    0.3401,       
    0.3785,       
    0.4043,       
    0.4286,       
    0.5044,       
    0.5327,       
    0.2566,       
    0.2621,       
    0.2765,       
    0.2878,       
    0.3042,       
    0.3108,       
    0.3235,       
    0.3484,       
    0.3733,       
    0.9919,       
    0.9944,       
    0.9984,       
    0.9994,       
    0.9994,       
    0.9994,       
    1.0000,       
    1.0000,       
    1.0000,       
    0.9297,       
    0.9418,       
    0.9751,       
    0.9889,       
    0.9943,       
    0.9967,       
    0.9989,       
    0.9994,       
    0.9994,       
    0.7564,       
    0.7698,       
    0.8244,       
    0.8816,       
    0.9178,       
    0.9538,       
    0.9803,       
    0.9840,       
    0.9887,       
    0.5320,       
    0.5454,       
    0.6057,       
    0.6859,       
    0.7225,       
    0.7470,       
    0.7974,       
    0.8330,       
    0.8655,       
    0.9650,       
    0.9653,       
    0.9716,       
    0.9728,       
    0.9745,       
    0.9774,       
    0.9827,       
    0.9873,       
    0.9875,       
    0.9489,       
    0.9519,       
    0.9615,       
    0.9665,       
    0.9718,       
    0.9732,       
    0.9757,       
    0.9783,       
    0.9873,       
    0.9189,       
    0.9286,       
    0.9441,       
    0.9520,       
    0.9561,       
    0.9632,       
    0.9681,       
    0.9733,       
    0.9735,       
    0.8695,       
    0.8781,       
    0.8945,       
    0.9079,       
    0.9358,       
    0.9460,       
    0.9534,       
    0.9561,       
    0.9635,       
    0.4231,       
    0.4406,       
    0.4788,       
    0.5059,       
    0.5322,       
    0.5692,       
    0.5971,       
    0.6165,       
    0.6400,       
    0.3952,       
    0.3976,       
    0.4114,       
    0.4414,       
    0.4883,       
    0.5144,       
    0.5342,       
    0.5651,       
    0.6026,       
    0.3595,       
    0.3622,       
    0.3720,       
    0.3896,       
    0.4079,       
    0.4336,       
    0.4758,       
    0.5081,       
    0.5281,       
    0.2970,       
    0.3007,       
    0.3181,       
    0.3370,       
    0.3590,       
    0.3716,       
    0.3870,       
    0.4175,       
    0.4530,       
    0.3885,       
    0.4006,       
    0.4870,       
    0.5893,       
    0.6443,       
    0.6730,       
    0.8753,       
    0.9000,       
    0.9144,       
    0.1985,       
    0.2127,       
    0.2424,       
    0.3568,       
    0.4716,       
    0.5082,       
    0.5554,       
    0.6464,       
    0.8410,       
    0.1033,       
    0.1188,       
    0.1493,       
    0.1771,       
    0.2032,       
    0.2456,       
    0.3512,       
    0.4566,       
    0.4991,       
    0.0204,       
    0.0207,       
    0.0342,       
    0.0528,       
    0.0689,       
    0.1156,       
    0.1435,       
    0.1897,       
    0.2152,       
    0.1971,       
    0.2004,       
    0.2292,       
    0.2684,       
    0.3028,       
    0.3553,       
    0.4323,       
    0.5123,       
    0.5586,       
    0.1097,       
    0.1301,       
    0.1543,       
    0.1903,       
    0.2236,       
    0.2508,       
    0.2827,       
    0.3182,       
    0.3615,       
    0.0318,       
    0.0418,       
    0.0624,       
    0.0985,       
    0.1417,       
    0.1695,       
    0.1879,       
    0.2199,       
    0.2350,       
    0.0000,       
    0.0000,       
    0.0002,       
    0.0037,       
    0.0079,       
    0.0407,       
    0.0570,       
    0.0836,       
    0.1065,       
    0.1557,       
    0.1732,       
    0.2526,       
    0.3191,       
    0.3834,       
    0.4174,       
    0.5500,       
    0.7274,       
    0.8401,       
    0.0359,       
    0.0409,       
    0.1079,       
    0.1541,       
    0.2366,       
    0.3104,       
    0.3651,       
    0.4147,       
    0.4683,       
    0.0101,       
    0.0101,       
    0.0111,       
    0.0199,       
    0.0575,       
    0.1192,       
    0.1750,       
    0.2717,       
    0.3087,       
    0.0066,       
    0.0066,       
    0.0067,       
    0.0084,       
    0.0093,       
    0.0093,       
    0.0151,       
    0.0226,       
    0.0568,       
    0.5087,       
    0.6048,       
    0.6719,       
    0.7651,       
    0.8227,       
    0.8848,       
    0.9337,       
    0.9521,       
    0.9786,       
    0.3487,       
    0.3575,       
    0.3886,       
    0.5632,       
    0.6702,       
    0.7545,       
    0.8191,       
    0.8520,       
    0.9203,       
    0.2862,       
    0.2914,       
    0.3088,       
    0.3442,       
    0.3612,       
    0.3933,       
    0.5681,       
    0.6840,       
    0.7541,       
    0.1340,       
    0.1475,       
    0.1835,       
    0.2204,       
    0.2737,       
    0.2901,       
    0.3131,       
    0.3423,       
    0.3529,       
    0.2895,       
    0.3727,       
    0.4505,       
    0.5515,       
    0.6480,       
    0.6973,       
    0.7892,       
    0.9279,       
    0.9683,       
    0.0006,       
    0.0427,       
    0.1623,       
    0.2398,       
    0.3558,       
    0.4611,       
    0.6149,       
    0.6698,       
    0.7534,       
    0.0000,       
    0.0000,       
    0.0000,       
    0.0000,       
    0.0019,       
    0.0582,       
    0.1943,       
    0.3307,       
    0.4443,       
    0.0000,       
    0.0000,       
    0.0000,       
    0.0000,       
    0.0000,       
    0.0000,       
    0.0000,       
    0.0000,       
    0.0000,       
    0.7135,       
    0.7235,       
    0.7994,       
    0.8280,       
    0.8579,       
    0.8725,       
    0.8772,       
    0.8835,       
    0.8899,       
    0.6505,       
    0.6673,       
    0.6853,       
    0.7433,       
    0.7694,       
    0.8148,       
    0.8423,       
    0.8616,       
    0.8753,       
    0.5504,       
    0.5525,       
    0.5835,       
    0.6366,       
    0.6438,       
    0.7096,       
    0.7416,       
    0.7535,       
    0.7767,       
    0.2043,       
    0.2321,       
    0.2910,       
    0.4031,       
    0.4593,       
    0.5330,       
    0.5781,       
    0.6084,       
    0.6338,       
    0.2299,       
    0.2431,       
    0.2998,       
    0.3244,       
    0.3957,       
    0.4848,       
    0.5767,       
    0.7467,       
    0.8088,       
    0.1370,       
    0.1565,       
    0.1855,       
    0.2008,       
    0.2326,       
    0.2757,       
    0.3186,       
    0.3707,       
    0.4645,       
    0.0476,       
    0.0534,       
    0.0728,       
    0.1162,       
    0.1359,       
    0.1626,       
    0.1874,       
    0.2168,       
    0.2432,       
    0.0052,       
    0.0068,       
    0.0281,       
    0.0345,       
    0.0387,       
    0.0447,       
    0.0538,       
    0.0734,       
    0.1196,       
    0.8867,       
    0.8999,       
    0.9180,       
    0.9342,       
    0.9430,       
    0.9442,       
    0.9592,       
    0.9601,       
    0.9691,       
    0.8386,       
    0.8411,       
    0.8690,       
    0.8825,       
    0.9176,       
    0.9338,       
    0.9411,       
    0.9442,       
    0.9592,       
    0.7785,       
    0.7826,       
    0.8085,       
    0.8251,       
    0.8453,       
    0.8726,       
    0.9065,       
    0.9241,       
    0.9349,       
    0.5518,       
    0.5522,       
    0.6109,       
    0.6699,       
    0.7269,       
    0.7764,       
    0.8065,       
    0.8288,       
    0.8436,       
    0.9823,       
    0.9823,       
    0.9833,       
    0.9837,       
    0.9857,       
    0.9865,       
    0.9886,       
    0.9898,       
    0.9910,       
    0.9798,       
    0.9798,       
    0.9797,       
    0.9823,       
    0.9833,       
    0.9837,       
    0.9861,       
    0.9865,       
    0.9877,       
    0.9764,       
    0.9769,       
    0.9794,       
    0.9796,       
    0.9796,       
    0.9813,       
    0.9823,       
    0.9836,       
    0.9852,       
    0.9616,       
    0.9624,       
    0.9652,       
    0.9706,       
    0.9754,       
    0.9762,       
    0.9791,       
    0.9793,       
    0.9793,       
    0.7867,       
    0.8004,       
    0.8269,       
    0.8671,       
    0.8878,       
    0.9014,       
    0.9375,       
    0.9582,       
    0.9598,       
    0.1933,       
    0.2348,       
    0.5450,       
    0.7311,       
    0.7940,       
    0.8211,       
    0.8389,       
    0.8800,       
    0.9013,       
    0.0000,       
    0.0000,       
    0.0000,       
    0.0037,       
    0.0200,       
    0.1893,       
    0.5024,       
    0.6331,       
    0.7670,       
    0.0000,       
    0.0000,       
    0.0000,       
    0.0000,       
    0.0000,       
    0.0000,       
    0.0000,       
    0.0000,       
    0.0000,       
    0.8141,       
    0.8207,       
    0.8443,       
    0.8762,       
    0.8961,       
    0.9125,       
    0.9223,       
    0.9340,       
    0.9440,       
    0.7488,       
    0.7548,       
    0.7767,       
    0.8023,       
    0.8275,       
    0.8611,       
    0.8816,       
    0.8993,       
    0.9120,       
    0.6611,       
    0.6750,       
    0.6998,       
    0.7237,       
    0.7464,       
    0.7665,       
    0.7889,       
    0.8158,       
    0.8343,       
    0.2364,       
    0.2551,       
    0.3299,       
    0.4634,       
    0.5490,       
    0.6297,       
    0.6684,       
    0.7001,       
    0.7198,       
    0.9763,       
    0.9773,       
    0.9833,       
    0.9859,       
    0.9888,       
    0.9890,       
    0.9908,       
    0.9916,       
    0.9921,       
    0.9609,       
    0.9640,       
    0.9712,       
    0.9764,       
    0.9836,       
    0.9873,       
    0.9888,       
    0.9891,       
    0.9908,       
    0.9455,       
    0.9456,       
    0.9573,       
    0.9614,       
    0.9703,       
    0.9743,       
    0.9809,       
    0.9866,       
    0.9884,       
    0.9238,       
    0.9252,       
    0.9289,       
    0.9363,       
    0.9437,       
    0.9567,       
    0.9604,       
    0.9688,       
    0.9735,       
    0.9647,       
    0.9684,       
    0.9689,       
    0.9706,       
    0.9725,       
    0.9741,       
    0.9761,       
    0.9775,       
    0.9813,       
    0.9570,       
    0.9598,       
    0.9647,       
    0.9689,       
    0.9703,       
    0.9724,       
    0.9737,       
    0.9760,       
    0.9775,       
    0.9364,       
    0.9368,       
    0.9406,       
    0.9611,       
    0.9668,       
    0.9690,       
    0.9710,       
    0.9725,       
    0.9737,       
    0.9069,       
    0.9154,       
    0.9277,       
    0.9351,       
    0.9377,       
    0.9442,       
    0.9645,       
    0.9687,       
    0.9690,       
    0.8380,       
    0.8427,       
    0.8582,       
    0.8812,       
    0.9028,       
    0.9109,       
    0.9210,       
    0.9232,       
    0.9253,       
    0.7468,       
    0.7496,       
    0.7595,       
    0.8186,       
    0.8362,       
    0.8413,       
    0.8755,       
    0.8980,       
    0.9067,       
    0.3185,       
    0.3394,       
    0.5517,       
    0.6127,       
    0.6961,       
    0.7196,       
    0.7501,       
    0.7639,       
    0.8227,       
    0.0115,       
    0.0115,       
    0.0116,       
    0.0117,       
    0.0123,       
    0.0346,       
    0.1156,       
    0.2886,       
    0.3342,       
    0.6266,       
    0.6923,       
    0.7094,       
    0.7196,       
    0.7631,       
    0.7741,       
    0.7970,       
    0.8128,       
    0.8195,       
    0.3386,       
    0.3486,       
    0.3630,       
    0.3725,       
    0.4560,       
    0.6212,       
    0.7005,       
    0.7095,       
    0.7184,       
    0.1240,       
    0.1260,       
    0.1307,       
    0.1523,       
    0.1933,       
    0.2298,       
    0.2928,       
    0.3394,       
    0.3747,       
    0.0763,       
    0.0826,       
    0.0956,       
    0.1001,       
    0.1056,       
    0.1131,       
    0.1209,       
    0.1264,       
    0.1314,       
    0.9299,       
    0.9308,       
    0.9318,       
    0.9356,       
    0.9522,       
    0.9563,       
    0.9597,       
    0.9630,       
    0.9675,       
    0.9127,       
    0.9127,       
    0.9246,       
    0.9302,       
    0.9320,       
    0.9491,       
    0.9542,       
    0.9561,       
    0.9594,       
    0.8851,       
    0.8912,       
    0.8947,       
    0.9094,       
    0.9154,       
    0.9290,       
    0.9304,       
    0.9472,       
    0.9506,       
    0.8655,       
    0.8655,       
    0.8662,       
    0.8680,       
    0.8789,       
    0.8894,       
    0.9024,       
    0.9099,       
    0.9153,       
    0.6945,       
    0.7310,       
    0.7822,       
    0.8300,       
    0.8561,       
    0.8841,       
    0.9080,       
    0.9202,       
    0.9361,       
    0.5844,       
    0.5992,       
    0.6451,       
    0.7302,       
    0.7834,       
    0.8240,       
    0.8614,       
    0.8937,       
    0.9124,       
    0.4488,       
    0.4619,       
    0.5200,       
    0.5701,       
    0.6199,       
    0.7005,       
    0.7681,       
    0.8011,       
    0.8471,       
    0.3256,       
    0.3378,       
    0.3662,       
    0.3969,       
    0.4341,       
    0.4833,       
    0.5623,       
    0.6229,       
    0.6889;