real ExposedPopulationShare[26, 4, 9] =
    0.0000,       
    0.0000,       
    0.0000,       
    0.0193,       
    0.0668,       
    0.2112,       
    0.3697,       
    0.5330,       
    0.5730,       
    0.0000,       
    0.0000,       
    0.0000,       
    0.0000,       
    0.0000,       
    0.0152,       
    0.0665,       
    0.1869,       
    0.2356,       
    0.0000,       
    0.0000,       
    0.0000,       
    0.0000,       
    0.0000,       
    0.0000,       
    0.0000,       
    0.0000,       
    0.0155,       
    0.0000,       
    0.0000,       
    0.0000,       
    0.0000,       
    0.0000,       
    0.0000,       
    0.0000,       
    0.0000,       
    0.0000,       
    0.6679,       
    0.6753,       
    0.7135,       
    0.7818,       
    0.8226,       
    0.8501,       
    0.8852,       
    0.9207,       
    0.9358,       
    0.4892,       
    0.5489,       
    0.5710,       
    0.6065,       
    0.6665,       
    0.7294,       
    0.7934,       
    0.8196,       
    0.8504,       
    0.3504,       
    0.3737,       
    0.4020,       
    0.4230,       
    0.4608,       
    0.5448,       
    0.5870,       
    0.6623,       
    0.7005,       
    0.2213,       
    0.2239,       
    0.2375,       
    0.2511,       
    0.2654,       
    0.3026,       
    0.3556,       
    0.3998,       
    0.4312,       
    0.4826,       
    0.4827,       
    0.4919,       
    0.5138,       
    0.5329,       
    0.5442,       
    0.5683,       
    0.6122,       
    0.6249,       
    0.4077,       
    0.4098,       
    0.4294,       
    0.4761,       
    0.4821,       
    0.4850,       
    0.5060,       
    0.5271,       
    0.5540,       
    0.3802,       
    0.3892,       
    0.3971,       
    0.4005,       
    0.4087,       
    0.4173,       
    0.4411,       
    0.4787,       
    0.4834,       
    0.3216,       
    0.3223,       
    0.3409,       
    0.3626,       
    0.3737,       
    0.3849,       
    0.3896,       
    0.4027,       
    0.4086,       
    0.8007,       
    0.8007,       
    0.8054,       
    0.8303,       
    0.8506,       
    0.8533,       
    0.8771,       
    0.8944,       
    0.9043,       
    0.7415,       
    0.7474,       
    0.7787,       
    0.8015,       
    0.8110,       
    0.8262,       
    0.8513,       
    0.8564,       
    0.8771,       
    0.7027,       
    0.7126,       
    0.7288,       
    0.7430,       
    0.7730,       
    0.8007,       
    0.8086,       
    0.8215,       
    0.8513,       
    0.5719,       
    0.5729,       
    0.6352,       
    0.6926,       
    0.7070,       
    0.7269,       
    0.7518,       
    0.7742,       
    0.7875,       
    0.8082,       
    0.8195,       
    0.9216,       
    0.9541,       
    0.9649,       
    0.9737,       
    0.9765,       
    0.9942,       
    0.9953,       
    0.7041,       
    0.7161,       
    0.7767,       
    0.8123,       
    0.9202,       
    0.9498,       
    0.9644,       
    0.9723,       
    0.9753,       
    0.5868,       
    0.6003,       
    0.6312,       
    0.6755,       
    0.7287,       
    0.7926,       
    0.8235,       
    0.9213,       
    0.9477,       
    0.4144,       
    0.4733,       
    0.5117,       
    0.5358,       
    0.5828,       
    0.6102,       
    0.6618,       
    0.7001,       
    0.7386,       
    0.5094,       
    0.5104,       
    0.5212,       
    0.5285,       
    0.5357,       
    0.5428,       
    0.5882,       
    0.5965,       
    0.6201,       
    0.4017,       
    0.4059,       
    0.4788,       
    0.4922,       
    0.5167,       
    0.5263,       
    0.5367,       
    0.5519,       
    0.5725,       
    0.3146,       
    0.3166,       
    0.3262,       
    0.3402,       
    0.3786,       
    0.4044,       
    0.4287,       
    0.5046,       
    0.5328,       
    0.2566,       
    0.2621,       
    0.2765,       
    0.2878,       
    0.3043,       
    0.3109,       
    0.3237,       
    0.3485,       
    0.3735,       
    0.9919,       
    0.9944,       
    0.9984,       
    0.9994,       
    0.9994,       
    0.9994,       
    1.0000,       
    1.0000,       
    1.0000,       
    0.9297,       
    0.9418,       
    0.9751,       
    0.9889,       
    0.9943,       
    0.9967,       
    0.9989,       
    0.9994,       
    0.9994,       
    0.7564,       
    0.7698,       
    0.8244,       
    0.8816,       
    0.9178,       
    0.9538,       
    0.9803,       
    0.9840,       
    0.9887,       
    0.5320,       
    0.5454,       
    0.6057,       
    0.6859,       
    0.7225,       
    0.7470,       
    0.7974,       
    0.8330,       
    0.8655,       
    0.9649,       
    0.9652,       
    0.9715,       
    0.9727,       
    0.9744,       
    0.9773,       
    0.9826,       
    0.9872,       
    0.9874,       
    0.9489,       
    0.9519,       
    0.9614,       
    0.9664,       
    0.9717,       
    0.9731,       
    0.9756,       
    0.9781,       
    0.9872,       
    0.9189,       
    0.9286,       
    0.9440,       
    0.9518,       
    0.9559,       
    0.9630,       
    0.9679,       
    0.9732,       
    0.9734,       
    0.8695,       
    0.8781,       
    0.8944,       
    0.9076,       
    0.9355,       
    0.9457,       
    0.9531,       
    0.9558,       
    0.9633,       
    0.4231,       
    0.4406,       
    0.4789,       
    0.5059,       
    0.5323,       
    0.5693,       
    0.5973,       
    0.6167,       
    0.6402,       
    0.3952,       
    0.3976,       
    0.4115,       
    0.4414,       
    0.4884,       
    0.5145,       
    0.5343,       
    0.5653,       
    0.6028,       
    0.3595,       
    0.3622,       
    0.3720,       
    0.3896,       
    0.4079,       
    0.4337,       
    0.4758,       
    0.5082,       
    0.5282,       
    0.2970,       
    0.3007,       
    0.3181,       
    0.3370,       
    0.3591,       
    0.3716,       
    0.3871,       
    0.4176,       
    0.4530,       
    0.3885,       
    0.4005,       
    0.4866,       
    0.5891,       
    0.6443,       
    0.6718,       
    0.8760,       
    0.8998,       
    0.9144,       
    0.1984,       
    0.2126,       
    0.2420,       
    0.3562,       
    0.4705,       
    0.5070,       
    0.5544,       
    0.6464,       
    0.8415,       
    0.1033,       
    0.1186,       
    0.1488,       
    0.1761,       
    0.2017,       
    0.2439,       
    0.3494,       
    0.4542,       
    0.4970,       
    0.0204,       
    0.0207,       
    0.0340,       
    0.0523,       
    0.0683,       
    0.1129,       
    0.1403,       
    0.1865,       
    0.2121,       
    0.1971,       
    0.2004,       
    0.2292,       
    0.2684,       
    0.3028,       
    0.3553,       
    0.4323,       
    0.5122,       
    0.5586,       
    0.1097,       
    0.1301,       
    0.1543,       
    0.1903,       
    0.2236,       
    0.2508,       
    0.2827,       
    0.3182,       
    0.3615,       
    0.0318,       
    0.0418,       
    0.0624,       
    0.0985,       
    0.1417,       
    0.1695,       
    0.1879,       
    0.2199,       
    0.2350,       
    0.0000,       
    0.0000,       
    0.0002,       
    0.0037,       
    0.0079,       
    0.0407,       
    0.0570,       
    0.0836,       
    0.1065,       
    0.1557,       
    0.1732,       
    0.2526,       
    0.3191,       
    0.3834,       
    0.4175,       
    0.5500,       
    0.7274,       
    0.8400,       
    0.0359,       
    0.0408,       
    0.1079,       
    0.1541,       
    0.2366,       
    0.3105,       
    0.3652,       
    0.4148,       
    0.4683,       
    0.0101,       
    0.0101,       
    0.0111,       
    0.0199,       
    0.0575,       
    0.1191,       
    0.1749,       
    0.2716,       
    0.3088,       
    0.0066,       
    0.0066,       
    0.0067,       
    0.0084,       
    0.0093,       
    0.0093,       
    0.0151,       
    0.0226,       
    0.0568,       
    0.5087,       
    0.6048,       
    0.6717,       
    0.7649,       
    0.8225,       
    0.8846,       
    0.9336,       
    0.9520,       
    0.9786,       
    0.3487,       
    0.3575,       
    0.3884,       
    0.5629,       
    0.6698,       
    0.7541,       
    0.8187,       
    0.8517,       
    0.9201,       
    0.2862,       
    0.2914,       
    0.3085,       
    0.3436,       
    0.3604,       
    0.3923,       
    0.5672,       
    0.6832,       
    0.7533,       
    0.1340,       
    0.1474,       
    0.1832,       
    0.2198,       
    0.2728,       
    0.2890,       
    0.3117,       
    0.3406,       
    0.3510,       
    0.2895,       
    0.3727,       
    0.4504,       
    0.5514,       
    0.6479,       
    0.6972,       
    0.7891,       
    0.9279,       
    0.9683,       
    0.0006,       
    0.0427,       
    0.1623,       
    0.2398,       
    0.3558,       
    0.4608,       
    0.6147,       
    0.6697,       
    0.7533,       
    0.0000,       
    0.0000,       
    0.0000,       
    0.0000,       
    0.0019,       
    0.0582,       
    0.1944,       
    0.3307,       
    0.4440,       
    0.0000,       
    0.0000,       
    0.0000,       
    0.0000,       
    0.0000,       
    0.0000,       
    0.0000,       
    0.0000,       
    0.0000,       
    0.7135,       
    0.7235,       
    0.7994,       
    0.8280,       
    0.8578,       
    0.8724,       
    0.8771,       
    0.8834,       
    0.8898,       
    0.6505,       
    0.6672,       
    0.6852,       
    0.7431,       
    0.7693,       
    0.8146,       
    0.8422,       
    0.8615,       
    0.8752,       
    0.5504,       
    0.5525,       
    0.5834,       
    0.6364,       
    0.6436,       
    0.7093,       
    0.7412,       
    0.7533,       
    0.7765,       
    0.2043,       
    0.2321,       
    0.2909,       
    0.4029,       
    0.4590,       
    0.5327,       
    0.5777,       
    0.6081,       
    0.6334,       
    0.2299,       
    0.2430,       
    0.2996,       
    0.3241,       
    0.3952,       
    0.4843,       
    0.5763,       
    0.7464,       
    0.8085,       
    0.1370,       
    0.1565,       
    0.1853,       
    0.2005,       
    0.2321,       
    0.2751,       
    0.3179,       
    0.3699,       
    0.4638,       
    0.0476,       
    0.0534,       
    0.0726,       
    0.1159,       
    0.1354,       
    0.1620,       
    0.1866,       
    0.2159,       
    0.2422,       
    0.0052,       
    0.0068,       
    0.0280,       
    0.0343,       
    0.0383,       
    0.0442,       
    0.0532,       
    0.0726,       
    0.1186,       
    0.8867,       
    0.8999,       
    0.9180,       
    0.9342,       
    0.9430,       
    0.9442,       
    0.9592,       
    0.9602,       
    0.9692,       
    0.8386,       
    0.8411,       
    0.8690,       
    0.8826,       
    0.9176,       
    0.9338,       
    0.9411,       
    0.9442,       
    0.9592,       
    0.7785,       
    0.7827,       
    0.8085,       
    0.8251,       
    0.8454,       
    0.8726,       
    0.9065,       
    0.9241,       
    0.9349,       
    0.5518,       
    0.5522,       
    0.6109,       
    0.6698,       
    0.7268,       
    0.7764,       
    0.8065,       
    0.8288,       
    0.8436,       
    0.9823,       
    0.9823,       
    0.9833,       
    0.9837,       
    0.9857,       
    0.9865,       
    0.9886,       
    0.9898,       
    0.9910,       
    0.9798,       
    0.9798,       
    0.9797,       
    0.9823,       
    0.9833,       
    0.9837,       
    0.9861,       
    0.9865,       
    0.9876,       
    0.9764,       
    0.9769,       
    0.9794,       
    0.9797,       
    0.9796,       
    0.9813,       
    0.9823,       
    0.9836,       
    0.9852,       
    0.9616,       
    0.9624,       
    0.9653,       
    0.9707,       
    0.9755,       
    0.9763,       
    0.9793,       
    0.9795,       
    0.9794,       
    0.7867,       
    0.8004,       
    0.8270,       
    0.8672,       
    0.8880,       
    0.9016,       
    0.9377,       
    0.9584,       
    0.9600,       
    0.1934,       
    0.2348,       
    0.5450,       
    0.7312,       
    0.7942,       
    0.8214,       
    0.8392,       
    0.8804,       
    0.9017,       
    0.0000,       
    0.0000,       
    0.0000,       
    0.0037,       
    0.0200,       
    0.1894,       
    0.5026,       
    0.6334,       
    0.7674,       
    0.0000,       
    0.0000,       
    0.0000,       
    0.0000,       
    0.0000,       
    0.0000,       
    0.0000,       
    0.0000,       
    0.0000,       
    0.8141,       
    0.8207,       
    0.8443,       
    0.8761,       
    0.8961,       
    0.9125,       
    0.9223,       
    0.9341,       
    0.9440,       
    0.7488,       
    0.7548,       
    0.7767,       
    0.8023,       
    0.8275,       
    0.8610,       
    0.8816,       
    0.8993,       
    0.9120,       
    0.6611,       
    0.6750,       
    0.6998,       
    0.7237,       
    0.7464,       
    0.7665,       
    0.7889,       
    0.8158,       
    0.8343,       
    0.2364,       
    0.2551,       
    0.3299,       
    0.4634,       
    0.5490,       
    0.6297,       
    0.6685,       
    0.7001,       
    0.7198,       
    0.9763,       
    0.9773,       
    0.9833,       
    0.9859,       
    0.9887,       
    0.9890,       
    0.9908,       
    0.9916,       
    0.9921,       
    0.9609,       
    0.9640,       
    0.9712,       
    0.9764,       
    0.9835,       
    0.9873,       
    0.9888,       
    0.9891,       
    0.9908,       
    0.9455,       
    0.9456,       
    0.9573,       
    0.9613,       
    0.9702,       
    0.9742,       
    0.9808,       
    0.9866,       
    0.9884,       
    0.9238,       
    0.9252,       
    0.9289,       
    0.9362,       
    0.9436,       
    0.9565,       
    0.9603,       
    0.9687,       
    0.9733,       
    0.9647,       
    0.9684,       
    0.9689,       
    0.9706,       
    0.9725,       
    0.9741,       
    0.9761,       
    0.9775,       
    0.9813,       
    0.9570,       
    0.9598,       
    0.9647,       
    0.9689,       
    0.9703,       
    0.9724,       
    0.9737,       
    0.9760,       
    0.9775,       
    0.9364,       
    0.9368,       
    0.9406,       
    0.9611,       
    0.9668,       
    0.9690,       
    0.9710,       
    0.9725,       
    0.9737,       
    0.9069,       
    0.9154,       
    0.9277,       
    0.9351,       
    0.9377,       
    0.9442,       
    0.9645,       
    0.9687,       
    0.9690,       
    0.8380,       
    0.8427,       
    0.8582,       
    0.8812,       
    0.9028,       
    0.9109,       
    0.9210,       
    0.9232,       
    0.9253,       
    0.7468,       
    0.7496,       
    0.7595,       
    0.8186,       
    0.8362,       
    0.8413,       
    0.8755,       
    0.8980,       
    0.9067,       
    0.3185,       
    0.3394,       
    0.5517,       
    0.6127,       
    0.6961,       
    0.7196,       
    0.7501,       
    0.7639,       
    0.8227,       
    0.0115,       
    0.0115,       
    0.0116,       
    0.0117,       
    0.0123,       
    0.0346,       
    0.1156,       
    0.2886,       
    0.3342,       
    0.6266,       
    0.6923,       
    0.7094,       
    0.7196,       
    0.7631,       
    0.7741,       
    0.7970,       
    0.8128,       
    0.8195,       
    0.3386,       
    0.3486,       
    0.3630,       
    0.3725,       
    0.4560,       
    0.6212,       
    0.7005,       
    0.7095,       
    0.7184,       
    0.1240,       
    0.1260,       
    0.1307,       
    0.1523,       
    0.1933,       
    0.2298,       
    0.2928,       
    0.3394,       
    0.3747,       
    0.0763,       
    0.0826,       
    0.0956,       
    0.1001,       
    0.1056,       
    0.1131,       
    0.1209,       
    0.1264,       
    0.1314,       
    0.9299,       
    0.9308,       
    0.9318,       
    0.9356,       
    0.9521,       
    0.9562,       
    0.9597,       
    0.9630,       
    0.9675,       
    0.9127,       
    0.9127,       
    0.9246,       
    0.9302,       
    0.9320,       
    0.9490,       
    0.9542,       
    0.9561,       
    0.9594,       
    0.8851,       
    0.8912,       
    0.8948,       
    0.9094,       
    0.9154,       
    0.9291,       
    0.9304,       
    0.9472,       
    0.9506,       
    0.8655,       
    0.8655,       
    0.8662,       
    0.8680,       
    0.8790,       
    0.8895,       
    0.9024,       
    0.9100,       
    0.9154,       
    0.6945,       
    0.7310,       
    0.7821,       
    0.8298,       
    0.8559,       
    0.8838,       
    0.9077,       
    0.9199,       
    0.9358,       
    0.5844,       
    0.5992,       
    0.6450,       
    0.7301,       
    0.7832,       
    0.8237,       
    0.8611,       
    0.8934,       
    0.9121,       
    0.4488,       
    0.4619,       
    0.5199,       
    0.5700,       
    0.6197,       
    0.7003,       
    0.7678,       
    0.8008,       
    0.8468,       
    0.3256,       
    0.3378,       
    0.3661,       
    0.3969,       
    0.4341,       
    0.4832,       
    0.5622,       
    0.6227,       
    0.6887;