real ExposedPopulationShare[26, 4, 9] =
    0.0000,       
    0.0000,       
    0.0000,       
    0.0193,       
    0.0669,       
    0.2113,       
    0.3699,       
    0.5331,       
    0.5729,       
    0.0000,       
    0.0000,       
    0.0000,       
    0.0000,       
    0.0000,       
    0.0153,       
    0.0667,       
    0.1870,       
    0.2354,       
    0.0000,       
    0.0000,       
    0.0000,       
    0.0000,       
    0.0000,       
    0.0000,       
    0.0000,       
    0.0000,       
    0.0154,       
    0.0000,       
    0.0000,       
    0.0000,       
    0.0000,       
    0.0000,       
    0.0000,       
    0.0000,       
    0.0000,       
    0.0000,       
    0.6679,       
    0.6754,       
    0.7136,       
    0.7819,       
    0.8227,       
    0.8502,       
    0.8853,       
    0.9207,       
    0.9359,       
    0.4892,       
    0.5489,       
    0.5710,       
    0.6067,       
    0.6667,       
    0.7296,       
    0.7935,       
    0.8198,       
    0.8506,       
    0.3504,       
    0.3737,       
    0.4022,       
    0.4232,       
    0.4611,       
    0.5451,       
    0.5873,       
    0.6626,       
    0.7008,       
    0.2213,       
    0.2239,       
    0.2376,       
    0.2514,       
    0.2658,       
    0.3030,       
    0.3561,       
    0.4003,       
    0.4317,       
    0.4826,       
    0.4827,       
    0.4918,       
    0.5137,       
    0.5328,       
    0.5440,       
    0.5681,       
    0.6119,       
    0.6246,       
    0.4077,       
    0.4098,       
    0.4294,       
    0.4760,       
    0.4820,       
    0.4848,       
    0.5058,       
    0.5268,       
    0.5537,       
    0.3802,       
    0.3892,       
    0.3970,       
    0.4005,       
    0.4085,       
    0.4171,       
    0.4408,       
    0.4784,       
    0.4830,       
    0.3216,       
    0.3223,       
    0.3409,       
    0.3626,       
    0.3736,       
    0.3847,       
    0.3894,       
    0.4025,       
    0.4083,       
    0.8007,       
    0.8007,       
    0.8054,       
    0.8303,       
    0.8506,       
    0.8533,       
    0.8771,       
    0.8944,       
    0.9043,       
    0.7415,       
    0.7474,       
    0.7787,       
    0.8015,       
    0.8110,       
    0.8262,       
    0.8513,       
    0.8564,       
    0.8771,       
    0.7027,       
    0.7126,       
    0.7288,       
    0.7430,       
    0.7730,       
    0.8007,       
    0.8086,       
    0.8216,       
    0.8513,       
    0.5719,       
    0.5729,       
    0.6352,       
    0.6926,       
    0.7070,       
    0.7269,       
    0.7518,       
    0.7742,       
    0.7875,       
    0.8082,       
    0.8195,       
    0.9216,       
    0.9541,       
    0.9649,       
    0.9737,       
    0.9765,       
    0.9942,       
    0.9953,       
    0.7041,       
    0.7161,       
    0.7767,       
    0.8123,       
    0.9202,       
    0.9498,       
    0.9644,       
    0.9723,       
    0.9753,       
    0.5868,       
    0.6003,       
    0.6312,       
    0.6755,       
    0.7287,       
    0.7926,       
    0.8235,       
    0.9213,       
    0.9477,       
    0.4144,       
    0.4733,       
    0.5117,       
    0.5358,       
    0.5828,       
    0.6102,       
    0.6619,       
    0.7001,       
    0.7387,       
    0.5094,       
    0.5104,       
    0.5212,       
    0.5285,       
    0.5357,       
    0.5428,       
    0.5881,       
    0.5965,       
    0.6200,       
    0.4017,       
    0.4059,       
    0.4788,       
    0.4921,       
    0.5167,       
    0.5263,       
    0.5366,       
    0.5519,       
    0.5724,       
    0.3146,       
    0.3166,       
    0.3262,       
    0.3402,       
    0.3786,       
    0.4044,       
    0.4286,       
    0.5045,       
    0.5328,       
    0.2566,       
    0.2621,       
    0.2765,       
    0.2878,       
    0.3043,       
    0.3108,       
    0.3236,       
    0.3484,       
    0.3734,       
    0.9919,       
    0.9944,       
    0.9984,       
    0.9994,       
    0.9994,       
    0.9994,       
    1.0000,       
    1.0000,       
    1.0000,       
    0.9297,       
    0.9418,       
    0.9751,       
    0.9889,       
    0.9943,       
    0.9967,       
    0.9989,       
    0.9994,       
    0.9994,       
    0.7564,       
    0.7698,       
    0.8244,       
    0.8816,       
    0.9178,       
    0.9538,       
    0.9803,       
    0.9840,       
    0.9887,       
    0.5320,       
    0.5454,       
    0.6057,       
    0.6859,       
    0.7225,       
    0.7470,       
    0.7974,       
    0.8330,       
    0.8655,       
    0.9649,       
    0.9653,       
    0.9715,       
    0.9728,       
    0.9745,       
    0.9774,       
    0.9827,       
    0.9873,       
    0.9875,       
    0.9489,       
    0.9519,       
    0.9614,       
    0.9664,       
    0.9718,       
    0.9732,       
    0.9757,       
    0.9783,       
    0.9873,       
    0.9189,       
    0.9286,       
    0.9441,       
    0.9519,       
    0.9561,       
    0.9632,       
    0.9681,       
    0.9733,       
    0.9735,       
    0.8695,       
    0.8781,       
    0.8944,       
    0.9078,       
    0.9357,       
    0.9460,       
    0.9533,       
    0.9561,       
    0.9636,       
    0.4231,       
    0.4406,       
    0.4789,       
    0.5059,       
    0.5322,       
    0.5692,       
    0.5972,       
    0.6165,       
    0.6400,       
    0.3952,       
    0.3976,       
    0.4114,       
    0.4414,       
    0.4883,       
    0.5144,       
    0.5342,       
    0.5651,       
    0.6026,       
    0.3595,       
    0.3622,       
    0.3720,       
    0.3896,       
    0.4079,       
    0.4336,       
    0.4758,       
    0.5081,       
    0.5281,       
    0.2970,       
    0.3007,       
    0.3181,       
    0.3370,       
    0.3590,       
    0.3716,       
    0.3870,       
    0.4175,       
    0.4530,       
    0.3885,       
    0.4006,       
    0.4868,       
    0.5892,       
    0.6443,       
    0.6725,       
    0.8756,       
    0.8999,       
    0.9144,       
    0.1985,       
    0.2126,       
    0.2423,       
    0.3565,       
    0.4711,       
    0.5076,       
    0.5549,       
    0.6464,       
    0.8412,       
    0.1033,       
    0.1187,       
    0.1491,       
    0.1767,       
    0.2025,       
    0.2448,       
    0.3503,       
    0.4554,       
    0.4981,       
    0.0204,       
    0.0207,       
    0.0341,       
    0.0526,       
    0.0686,       
    0.1143,       
    0.1420,       
    0.1881,       
    0.2137,       
    0.1971,       
    0.2004,       
    0.2292,       
    0.2684,       
    0.3028,       
    0.3553,       
    0.4323,       
    0.5122,       
    0.5586,       
    0.1097,       
    0.1301,       
    0.1543,       
    0.1903,       
    0.2236,       
    0.2508,       
    0.2827,       
    0.3182,       
    0.3615,       
    0.0318,       
    0.0418,       
    0.0624,       
    0.0985,       
    0.1417,       
    0.1695,       
    0.1879,       
    0.2199,       
    0.2350,       
    0.0000,       
    0.0000,       
    0.0002,       
    0.0037,       
    0.0079,       
    0.0407,       
    0.0570,       
    0.0836,       
    0.1065,       
    0.1557,       
    0.1732,       
    0.2526,       
    0.3191,       
    0.3834,       
    0.4175,       
    0.5501,       
    0.7274,       
    0.8401,       
    0.0359,       
    0.0408,       
    0.1079,       
    0.1541,       
    0.2366,       
    0.3105,       
    0.3652,       
    0.4148,       
    0.4684,       
    0.0101,       
    0.0101,       
    0.0111,       
    0.0199,       
    0.0575,       
    0.1191,       
    0.1749,       
    0.2716,       
    0.3089,       
    0.0066,       
    0.0066,       
    0.0067,       
    0.0084,       
    0.0093,       
    0.0093,       
    0.0151,       
    0.0226,       
    0.0568,       
    0.5087,       
    0.6048,       
    0.6719,       
    0.7651,       
    0.8226,       
    0.8848,       
    0.9337,       
    0.9521,       
    0.9786,       
    0.3487,       
    0.3576,       
    0.3887,       
    0.5632,       
    0.6702,       
    0.7545,       
    0.8191,       
    0.8520,       
    0.9203,       
    0.2862,       
    0.2915,       
    0.3088,       
    0.3441,       
    0.3611,       
    0.3932,       
    0.5681,       
    0.6840,       
    0.7540,       
    0.1340,       
    0.1475,       
    0.1835,       
    0.2203,       
    0.2736,       
    0.2900,       
    0.3130,       
    0.3422,       
    0.3528,       
    0.2895,       
    0.3727,       
    0.4504,       
    0.5515,       
    0.6479,       
    0.6972,       
    0.7891,       
    0.9279,       
    0.9683,       
    0.0006,       
    0.0427,       
    0.1623,       
    0.2398,       
    0.3558,       
    0.4608,       
    0.6147,       
    0.6697,       
    0.7533,       
    0.0000,       
    0.0000,       
    0.0000,       
    0.0000,       
    0.0019,       
    0.0582,       
    0.1944,       
    0.3307,       
    0.4440,       
    0.0000,       
    0.0000,       
    0.0000,       
    0.0000,       
    0.0000,       
    0.0000,       
    0.0000,       
    0.0000,       
    0.0000,       
    0.7135,       
    0.7235,       
    0.7994,       
    0.8280,       
    0.8579,       
    0.8725,       
    0.8772,       
    0.8834,       
    0.8899,       
    0.6505,       
    0.6673,       
    0.6852,       
    0.7432,       
    0.7694,       
    0.8147,       
    0.8423,       
    0.8616,       
    0.8753,       
    0.5504,       
    0.5525,       
    0.5835,       
    0.6366,       
    0.6437,       
    0.7095,       
    0.7414,       
    0.7534,       
    0.7766,       
    0.2043,       
    0.2321,       
    0.2910,       
    0.4031,       
    0.4592,       
    0.5329,       
    0.5780,       
    0.6083,       
    0.6337,       
    0.2299,       
    0.2430,       
    0.2997,       
    0.3242,       
    0.3955,       
    0.4846,       
    0.5765,       
    0.7466,       
    0.8087,       
    0.1370,       
    0.1565,       
    0.1854,       
    0.2006,       
    0.2323,       
    0.2754,       
    0.3182,       
    0.3703,       
    0.4642,       
    0.0476,       
    0.0534,       
    0.0727,       
    0.1161,       
    0.1356,       
    0.1623,       
    0.1870,       
    0.2163,       
    0.2427,       
    0.0052,       
    0.0068,       
    0.0280,       
    0.0344,       
    0.0385,       
    0.0444,       
    0.0535,       
    0.0730,       
    0.1191,       
    0.8867,       
    0.8999,       
    0.9180,       
    0.9342,       
    0.9430,       
    0.9442,       
    0.9592,       
    0.9601,       
    0.9691,       
    0.8386,       
    0.8411,       
    0.8690,       
    0.8825,       
    0.9176,       
    0.9338,       
    0.9411,       
    0.9442,       
    0.9592,       
    0.7785,       
    0.7826,       
    0.8085,       
    0.8251,       
    0.8453,       
    0.8726,       
    0.9065,       
    0.9241,       
    0.9349,       
    0.5518,       
    0.5522,       
    0.6109,       
    0.6698,       
    0.7268,       
    0.7764,       
    0.8065,       
    0.8288,       
    0.8436,       
    0.9823,       
    0.9823,       
    0.9833,       
    0.9837,       
    0.9857,       
    0.9865,       
    0.9886,       
    0.9898,       
    0.9910,       
    0.9798,       
    0.9798,       
    0.9797,       
    0.9823,       
    0.9833,       
    0.9837,       
    0.9861,       
    0.9865,       
    0.9876,       
    0.9764,       
    0.9769,       
    0.9794,       
    0.9797,       
    0.9796,       
    0.9813,       
    0.9823,       
    0.9836,       
    0.9852,       
    0.9616,       
    0.9624,       
    0.9652,       
    0.9707,       
    0.9755,       
    0.9763,       
    0.9792,       
    0.9794,       
    0.9793,       
    0.7867,       
    0.8004,       
    0.8270,       
    0.8672,       
    0.8879,       
    0.9016,       
    0.9377,       
    0.9584,       
    0.9601,       
    0.1934,       
    0.2348,       
    0.5450,       
    0.7312,       
    0.7942,       
    0.8213,       
    0.8392,       
    0.8804,       
    0.9017,       
    0.0000,       
    0.0000,       
    0.0000,       
    0.0037,       
    0.0200,       
    0.1894,       
    0.5026,       
    0.6334,       
    0.7674,       
    0.0000,       
    0.0000,       
    0.0000,       
    0.0000,       
    0.0000,       
    0.0000,       
    0.0000,       
    0.0000,       
    0.0000,       
    0.8141,       
    0.8207,       
    0.8443,       
    0.8761,       
    0.8961,       
    0.9125,       
    0.9223,       
    0.9341,       
    0.9440,       
    0.7488,       
    0.7548,       
    0.7767,       
    0.8023,       
    0.8275,       
    0.8610,       
    0.8816,       
    0.8993,       
    0.9120,       
    0.6611,       
    0.6750,       
    0.6998,       
    0.7237,       
    0.7464,       
    0.7665,       
    0.7889,       
    0.8158,       
    0.8343,       
    0.2364,       
    0.2551,       
    0.3299,       
    0.4634,       
    0.5489,       
    0.6297,       
    0.6684,       
    0.7001,       
    0.7198,       
    0.9763,       
    0.9773,       
    0.9833,       
    0.9859,       
    0.9888,       
    0.9890,       
    0.9908,       
    0.9916,       
    0.9921,       
    0.9609,       
    0.9640,       
    0.9712,       
    0.9764,       
    0.9836,       
    0.9873,       
    0.9888,       
    0.9891,       
    0.9908,       
    0.9455,       
    0.9456,       
    0.9573,       
    0.9614,       
    0.9702,       
    0.9742,       
    0.9809,       
    0.9866,       
    0.9884,       
    0.9238,       
    0.9252,       
    0.9289,       
    0.9362,       
    0.9437,       
    0.9566,       
    0.9604,       
    0.9688,       
    0.9734,       
    0.9647,       
    0.9684,       
    0.9689,       
    0.9706,       
    0.9725,       
    0.9741,       
    0.9761,       
    0.9775,       
    0.9813,       
    0.9570,       
    0.9598,       
    0.9647,       
    0.9689,       
    0.9703,       
    0.9724,       
    0.9737,       
    0.9760,       
    0.9775,       
    0.9364,       
    0.9368,       
    0.9406,       
    0.9611,       
    0.9668,       
    0.9690,       
    0.9710,       
    0.9725,       
    0.9737,       
    0.9069,       
    0.9154,       
    0.9277,       
    0.9351,       
    0.9377,       
    0.9442,       
    0.9645,       
    0.9687,       
    0.9690,       
    0.8380,       
    0.8427,       
    0.8582,       
    0.8812,       
    0.9028,       
    0.9109,       
    0.9210,       
    0.9232,       
    0.9253,       
    0.7468,       
    0.7496,       
    0.7595,       
    0.8186,       
    0.8362,       
    0.8413,       
    0.8755,       
    0.8980,       
    0.9067,       
    0.3185,       
    0.3394,       
    0.5517,       
    0.6127,       
    0.6961,       
    0.7196,       
    0.7501,       
    0.7639,       
    0.8227,       
    0.0115,       
    0.0115,       
    0.0116,       
    0.0117,       
    0.0123,       
    0.0346,       
    0.1156,       
    0.2886,       
    0.3342,       
    0.6266,       
    0.6923,       
    0.7094,       
    0.7196,       
    0.7631,       
    0.7741,       
    0.7970,       
    0.8128,       
    0.8195,       
    0.3386,       
    0.3486,       
    0.3630,       
    0.3725,       
    0.4560,       
    0.6212,       
    0.7005,       
    0.7095,       
    0.7184,       
    0.1240,       
    0.1260,       
    0.1307,       
    0.1523,       
    0.1933,       
    0.2298,       
    0.2928,       
    0.3394,       
    0.3747,       
    0.0763,       
    0.0826,       
    0.0956,       
    0.1001,       
    0.1056,       
    0.1131,       
    0.1209,       
    0.1264,       
    0.1314,       
    0.9299,       
    0.9308,       
    0.9318,       
    0.9356,       
    0.9521,       
    0.9563,       
    0.9597,       
    0.9630,       
    0.9675,       
    0.9127,       
    0.9127,       
    0.9246,       
    0.9302,       
    0.9320,       
    0.9490,       
    0.9542,       
    0.9561,       
    0.9594,       
    0.8851,       
    0.8912,       
    0.8947,       
    0.9094,       
    0.9154,       
    0.9291,       
    0.9304,       
    0.9472,       
    0.9506,       
    0.8655,       
    0.8655,       
    0.8662,       
    0.8680,       
    0.8789,       
    0.8894,       
    0.9024,       
    0.9099,       
    0.9154,       
    0.6945,       
    0.7310,       
    0.7821,       
    0.8299,       
    0.8560,       
    0.8840,       
    0.9079,       
    0.9201,       
    0.9360,       
    0.5844,       
    0.5992,       
    0.6450,       
    0.7302,       
    0.7834,       
    0.8239,       
    0.8613,       
    0.8936,       
    0.9123,       
    0.4488,       
    0.4619,       
    0.5199,       
    0.5700,       
    0.6198,       
    0.7004,       
    0.7680,       
    0.8010,       
    0.8470,       
    0.3256,       
    0.3378,       
    0.3661,       
    0.3969,       
    0.4341,       
    0.4833,       
    0.5623,       
    0.6228,       
    0.6889;