real ExposedPopulationShare[26, 4, 9] =
    0.0190,       
    0.0193,       
    0.0472,       
    0.0579,       
    0.0655,       
    0.2170,       
    0.4300,       
    0.5043,       
    0.5656,       
    0.0000,       
    0.0000,       
    0.0000,       
    0.0000,       
    0.0153,       
    0.0194,       
    0.0459,       
    0.0667,       
    0.1799,       
    0.0000,       
    0.0000,       
    0.0000,       
    0.0000,       
    0.0000,       
    0.0000,       
    0.0000,       
    0.0000,       
    0.0000,       
    0.0000,       
    0.0000,       
    0.0000,       
    0.0000,       
    0.0000,       
    0.0000,       
    0.0000,       
    0.0000,       
    0.0000,       
    0.7991,       
    0.8070,       
    0.8414,       
    0.8622,       
    0.8783,       
    0.9072,       
    0.9228,       
    0.9392,       
    0.9428,       
    0.6265,       
    0.6370,       
    0.6931,       
    0.7270,       
    0.7770,       
    0.8152,       
    0.8432,       
    0.8673,       
    0.8864,       
    0.4370,       
    0.4578,       
    0.5120,       
    0.5560,       
    0.5791,       
    0.6195,       
    0.6423,       
    0.6878,       
    0.7309,       
    0.2635,       
    0.2727,       
    0.2965,       
    0.3267,       
    0.3544,       
    0.3805,       
    0.4195,       
    0.4363,       
    0.4662,       
    0.5018,       
    0.5187,       
    0.5281,       
    0.5690,       
    0.5996,       
    0.6212,       
    0.6403,       
    0.6795,       
    0.6922,       
    0.4765,       
    0.4771,       
    0.4849,       
    0.4974,       
    0.5254,       
    0.5339,       
    0.5733,       
    0.6164,       
    0.6446,       
    0.4039,       
    0.4040,       
    0.4073,       
    0.4362,       
    0.4786,       
    0.4836,       
    0.4958,       
    0.5181,       
    0.5330,       
    0.3588,       
    0.3680,       
    0.3733,       
    0.3871,       
    0.3972,       
    0.4027,       
    0.4092,       
    0.4337,       
    0.4715,       
    0.8118,       
    0.8150,       
    0.8323,       
    0.8557,       
    0.8795,       
    0.8802,       
    0.9067,       
    0.9120,       
    0.9120,       
    0.7984,       
    0.8038,       
    0.8090,       
    0.8161,       
    0.8433,       
    0.8795,       
    0.8802,       
    0.8975,       
    0.9067,       
    0.7384,       
    0.7384,       
    0.7559,       
    0.7984,       
    0.8090,       
    0.8249,       
    0.8475,       
    0.8795,       
    0.8802,       
    0.6746,       
    0.6746,       
    0.6983,       
    0.7211,       
    0.7419,       
    0.7791,       
    0.8090,       
    0.8194,       
    0.8318,       
    0.9326,       
    0.9439,       
    0.9575,       
    0.9670,       
    0.9746,       
    0.9772,       
    0.9945,       
    0.9960,       
    0.9978,       
    0.7956,       
    0.7967,       
    0.8155,       
    0.8342,       
    0.9285,       
    0.9577,       
    0.9711,       
    0.9767,       
    0.9777,       
    0.6328,       
    0.6486,       
    0.6890,       
    0.7195,       
    0.7547,       
    0.8017,       
    0.8342,       
    0.9236,       
    0.9451,       
    0.5120,       
    0.5203,       
    0.5450,       
    0.5823,       
    0.6140,       
    0.6262,       
    0.6729,       
    0.7268,       
    0.7422,       
    0.5144,       
    0.5170,       
    0.5260,       
    0.5337,       
    0.5761,       
    0.5867,       
    0.6122,       
    0.6282,       
    0.6348,       
    0.4097,       
    0.4121,       
    0.4867,       
    0.4992,       
    0.5122,       
    0.5442,       
    0.5770,       
    0.5864,       
    0.6113,       
    0.3193,       
    0.3422,       
    0.3569,       
    0.3672,       
    0.3762,       
    0.3930,       
    0.4435,       
    0.5178,       
    0.5465,       
    0.2718,       
    0.2824,       
    0.2912,       
    0.3037,       
    0.3369,       
    0.3444,       
    0.3580,       
    0.3692,       
    0.3797,       
    0.9989,       
    0.9989,       
    0.9995,       
    0.9995,       
    0.9995,       
    1.0000,       
    1.0000,       
    1.0000,       
    1.0000,       
    0.9844,       
    0.9909,       
    0.9925,       
    0.9961,       
    0.9967,       
    0.9981,       
    0.9995,       
    0.9995,       
    0.9995,       
    0.8993,       
    0.9139,       
    0.9289,       
    0.9339,       
    0.9478,       
    0.9637,       
    0.9814,       
    0.9911,       
    0.9958,       
    0.6984,       
    0.7021,       
    0.7252,       
    0.7654,       
    0.8019,       
    0.8346,       
    0.8884,       
    0.9111,       
    0.9262,       
    0.9718,       
    0.9735,       
    0.9738,       
    0.9767,       
    0.9808,       
    0.9851,       
    0.9877,       
    0.9880,       
    0.9881,       
    0.9604,       
    0.9620,       
    0.9706,       
    0.9737,       
    0.9756,       
    0.9770,       
    0.9816,       
    0.9850,       
    0.9876,       
    0.9436,       
    0.9469,       
    0.9524,       
    0.9604,       
    0.9680,       
    0.9753,       
    0.9767,       
    0.9773,       
    0.9811,       
    0.8893,       
    0.9051,       
    0.9161,       
    0.9367,       
    0.9479,       
    0.9557,       
    0.9641,       
    0.9726,       
    0.9757,       
    0.4624,       
    0.4779,       
    0.5035,       
    0.5401,       
    0.5757,       
    0.5943,       
    0.6283,       
    0.6629,       
    0.7073,       
    0.4008,       
    0.4107,       
    0.4406,       
    0.4854,       
    0.5163,       
    0.5470,       
    0.5860,       
    0.6025,       
    0.6343,       
    0.3711,       
    0.3735,       
    0.3868,       
    0.4033,       
    0.4522,       
    0.4778,       
    0.5193,       
    0.5523,       
    0.5853,       
    0.3160,       
    0.3231,       
    0.3384,       
    0.3530,       
    0.3745,       
    0.3923,       
    0.4286,       
    0.4679,       
    0.4965,       
    0.5345,       
    0.5509,       
    0.6168,       
    0.6600,       
    0.6774,       
    0.8671,       
    0.9002,       
    0.9305,       
    0.9352,       
    0.2362,       
    0.2650,       
    0.3722,       
    0.4715,       
    0.5036,       
    0.5781,       
    0.6279,       
    0.8292,       
    0.8585,       
    0.1378,       
    0.1524,       
    0.1807,       
    0.2046,       
    0.2526,       
    0.2959,       
    0.4375,       
    0.4745,       
    0.4873,       
    0.0265,       
    0.0346,       
    0.0547,       
    0.0763,       
    0.0989,       
    0.1567,       
    0.1852,       
    0.2070,       
    0.2463,       
    0.2563,       
    0.2767,       
    0.3010,       
    0.3491,       
    0.3655,       
    0.3906,       
    0.4134,       
    0.4540,       
    0.5028,       
    0.1974,       
    0.1997,       
    0.2200,       
    0.2337,       
    0.2667,       
    0.2776,       
    0.2970,       
    0.3106,       
    0.3325,       
    0.0978,       
    0.1089,       
    0.1423,       
    0.1577,       
    0.1826,       
    0.1969,       
    0.2155,       
    0.2369,       
    0.2531,       
    0.0056,       
    0.0063,       
    0.0103,       
    0.0159,       
    0.0487,       
    0.0660,       
    0.0916,       
    0.1159,       
    0.1454,       
    0.2979,       
    0.3121,       
    0.3418,       
    0.3773,       
    0.3900,       
    0.4226,       
    0.4856,       
    0.5194,       
    0.5850,       
    0.1559,       
    0.1775,       
    0.2163,       
    0.2376,       
    0.2953,       
    0.3217,       
    0.3459,       
    0.3977,       
    0.4227,       
    0.0199,       
    0.0241,       
    0.0539,       
    0.0902,       
    0.1224,       
    0.1559,       
    0.1979,       
    0.2280,       
    0.2678,       
    0.0093,       
    0.0093,       
    0.0093,       
    0.0093,       
    0.0123,       
    0.0154,       
    0.0193,       
    0.0360,       
    0.0847,       
    0.7818,       
    0.7860,       
    0.7922,       
    0.8243,       
    0.9091,       
    0.9260,       
    0.9548,       
    0.9723,       
    0.9832,       
    0.4323,       
    0.5778,       
    0.6674,       
    0.7463,       
    0.7866,       
    0.8182,       
    0.8974,       
    0.9235,       
    0.9442,       
    0.3424,       
    0.3427,       
    0.3557,       
    0.3848,       
    0.3987,       
    0.4885,       
    0.7171,       
    0.7923,       
    0.8220,       
    0.2192,       
    0.2588,       
    0.2737,       
    0.2927,       
    0.3149,       
    0.3313,       
    0.3546,       
    0.3667,       
    0.3815,       
    0.3577,       
    0.3887,       
    0.4435,       
    0.4974,       
    0.6055,       
    0.6467,       
    0.6733,       
    0.7159,       
    0.7692,       
    0.0671,       
    0.0863,       
    0.1854,       
    0.2922,       
    0.3607,       
    0.4175,       
    0.4822,       
    0.5569,       
    0.6357,       
    0.0000,       
    0.0000,       
    0.0000,       
    0.0037,       
    0.0343,       
    0.0842,       
    0.1603,       
    0.3246,       
    0.3977,       
    0.0000,       
    0.0000,       
    0.0000,       
    0.0000,       
    0.0000,       
    0.0000,       
    0.0000,       
    0.0000,       
    0.0097,       
    0.7953,       
    0.8109,       
    0.8278,       
    0.8429,       
    0.8476,       
    0.8771,       
    0.8966,       
    0.9099,       
    0.9251,       
    0.6797,       
    0.7004,       
    0.7096,       
    0.7385,       
    0.7552,       
    0.7910,       
    0.8013,       
    0.8107,       
    0.8644,       
    0.5917,       
    0.5938,       
    0.6392,       
    0.6399,       
    0.6651,       
    0.6884,       
    0.7029,       
    0.7430,       
    0.7755,       
    0.3807,       
    0.4001,       
    0.4106,       
    0.4524,       
    0.5326,       
    0.5799,       
    0.5890,       
    0.6357,       
    0.6390,       
    0.2428,       
    0.2505,       
    0.2847,       
    0.3024,       
    0.3453,       
    0.3941,       
    0.4656,       
    0.5099,       
    0.5615,       
    0.1698,       
    0.1758,       
    0.1857,       
    0.2047,       
    0.2272,       
    0.2415,       
    0.2787,       
    0.3178,       
    0.3492,       
    0.0634,       
    0.0706,       
    0.1014,       
    0.1263,       
    0.1491,       
    0.1706,       
    0.1992,       
    0.2245,       
    0.2396,       
    0.0353,       
    0.0367,       
    0.0388,       
    0.0393,       
    0.0429,       
    0.0600,       
    0.0833,       
    0.1249,       
    0.1525,       
    0.9278,       
    0.9287,       
    0.9404,       
    0.9434,       
    0.9562,       
    0.9617,       
    0.9717,       
    0.9774,       
    0.9841,       
    0.8943,       
    0.8956,       
    0.9160,       
    0.9229,       
    0.9269,       
    0.9437,       
    0.9593,       
    0.9698,       
    0.9717,       
    0.8300,       
    0.8360,       
    0.8453,       
    0.8618,       
    0.8828,       
    0.9185,       
    0.9267,       
    0.9339,       
    0.9447,       
    0.6773,       
    0.6839,       
    0.7223,       
    0.7736,       
    0.7875,       
    0.8208,       
    0.8489,       
    0.8770,       
    0.8879,       
    0.9822,       
    0.9824,       
    0.9837,       
    0.9866,       
    0.9874,       
    0.9883,       
    0.9890,       
    0.9897,       
    0.9905,       
    0.9799,       
    0.9798,       
    0.9815,       
    0.9831,       
    0.9848,       
    0.9866,       
    0.9874,       
    0.9886,       
    0.9890,       
    0.9787,       
    0.9788,       
    0.9798,       
    0.9797,       
    0.9813,       
    0.9822,       
    0.9834,       
    0.9858,       
    0.9871,       
    0.9632,       
    0.9641,       
    0.9666,       
    0.9727,       
    0.9763,       
    0.9792,       
    0.9795,       
    0.9798,       
    0.9812,       
    0.8699,       
    0.8754,       
    0.9016,       
    0.9250,       
    0.9537,       
    0.9601,       
    0.9622,       
    0.9636,       
    0.9661,       
    0.7735,       
    0.7810,       
    0.8157,       
    0.8375,       
    0.8754,       
    0.8955,       
    0.9034,       
    0.9424,       
    0.9601,       
    0.0200,       
    0.0208,       
    0.1907,       
    0.4074,       
    0.7016,       
    0.7872,       
    0.8122,       
    0.8272,       
    0.8448,       
    0.0000,       
    0.0000,       
    0.0000,       
    0.0000,       
    0.0000,       
    0.0000,       
    0.0008,       
    0.0208,       
    0.1386,       
    0.8674,       
    0.8768,       
    0.8928,       
    0.9050,       
    0.9184,       
    0.9283,       
    0.9391,       
    0.9507,       
    0.9559,       
    0.8028,       
    0.8099,       
    0.8305,       
    0.8494,       
    0.8746,       
    0.8908,       
    0.9083,       
    0.9212,       
    0.9323,       
    0.7084,       
    0.7170,       
    0.7477,       
    0.7663,       
    0.7919,       
    0.8081,       
    0.8303,       
    0.8545,       
    0.8709,       
    0.3855,       
    0.4303,       
    0.5283,       
    0.5956,       
    0.6404,       
    0.6746,       
    0.7098,       
    0.7306,       
    0.7515,       
    0.9892,       
    0.9912,       
    0.9947,       
    0.9971,       
    0.9978,       
    0.9978,       
    0.9978,       
    0.9983,       
    0.9988,       
    0.9798,       
    0.9829,       
    0.9871,       
    0.9927,       
    0.9955,       
    0.9971,       
    0.9971,       
    0.9978,       
    0.9978,       
    0.9608,       
    0.9675,       
    0.9729,       
    0.9827,       
    0.9871,       
    0.9901,       
    0.9953,       
    0.9963,       
    0.9971,       
    0.9389,       
    0.9410,       
    0.9462,       
    0.9520,       
    0.9671,       
    0.9713,       
    0.9823,       
    0.9888,       
    0.9913,       
    0.9716,       
    0.9716,       
    0.9736,       
    0.9750,       
    0.9766,       
    0.9786,       
    0.9809,       
    0.9840,       
    0.9864,       
    0.9670,       
    0.9694,       
    0.9713,       
    0.9719,       
    0.9748,       
    0.9757,       
    0.9786,       
    0.9809,       
    0.9839,       
    0.9566,       
    0.9606,       
    0.9657,       
    0.9694,       
    0.9716,       
    0.9732,       
    0.9754,       
    0.9768,       
    0.9788,       
    0.9291,       
    0.9303,       
    0.9348,       
    0.9547,       
    0.9632,       
    0.9690,       
    0.9715,       
    0.9726,       
    0.9747,       
    0.8990,       
    0.9064,       
    0.9132,       
    0.9207,       
    0.9286,       
    0.9494,       
    0.9596,       
    0.9770,       
    0.9796,       
    0.8290,       
    0.8365,       
    0.8447,       
    0.8678,       
    0.8854,       
    0.9132,       
    0.9154,       
    0.9171,       
    0.9247,       
    0.6554,       
    0.6804,       
    0.7398,       
    0.7447,       
    0.7608,       
    0.8213,       
    0.8389,       
    0.8423,       
    0.8560,       
    0.0125,       
    0.0129,       
    0.0138,       
    0.0376,       
    0.1348,       
    0.3103,       
    0.5472,       
    0.5712,       
    0.5978,       
    0.7097,       
    0.7123,       
    0.7203,       
    0.7676,       
    0.7830,       
    0.7991,       
    0.8254,       
    0.8272,       
    0.8283,       
    0.3724,       
    0.3810,       
    0.4361,       
    0.5441,       
    0.5717,       
    0.5737,       
    0.7227,       
    0.7698,       
    0.7762,       
    0.1479,       
    0.1487,       
    0.1798,       
    0.2075,       
    0.2899,       
    0.3280,       
    0.3746,       
    0.4392,       
    0.5454,       
    0.0985,       
    0.1017,       
    0.1055,       
    0.1093,       
    0.1177,       
    0.1216,       
    0.1309,       
    0.1540,       
    0.2159,       
    0.9322,       
    0.9332,       
    0.9353,       
    0.9426,       
    0.9547,       
    0.9565,       
    0.9590,       
    0.9627,       
    0.9645,       
    0.9165,       
    0.9181,       
    0.9310,       
    0.9330,       
    0.9388,       
    0.9426,       
    0.9544,       
    0.9566,       
    0.9576,       
    0.8939,       
    0.8942,       
    0.9026,       
    0.9128,       
    0.9293,       
    0.9319,       
    0.9376,       
    0.9393,       
    0.9418,       
    0.8689,       
    0.8690,       
    0.8715,       
    0.8732,       
    0.8918,       
    0.9007,       
    0.9109,       
    0.9224,       
    0.9283,       
    0.7915,       
    0.8083,       
    0.8318,       
    0.8566,       
    0.8928,       
    0.9137,       
    0.9303,       
    0.9522,       
    0.9685,       
    0.6586,       
    0.6792,       
    0.7608,       
    0.8206,       
    0.8466,       
    0.8717,       
    0.9102,       
    0.9254,       
    0.9361,       
    0.5415,       
    0.5539,       
    0.6038,       
    0.6729,       
    0.7540,       
    0.8142,       
    0.8466,       
    0.8845,       
    0.9089,       
    0.3700,       
    0.3851,       
    0.4254,       
    0.4716,       
    0.5639,       
    0.6285,       
    0.7158,       
    0.7789,       
    0.8043;