real ExposedPopulationShare[26, 4, 9] =
    0.0191,       
    0.0193,       
    0.0473,       
    0.0581,       
    0.0659,       
    0.2177,       
    0.4307,       
    0.5050,       
    0.5664,       
    0.0000,       
    0.0000,       
    0.0000,       
    0.0000,       
    0.0155,       
    0.0198,       
    0.0465,       
    0.0676,       
    0.1812,       
    0.0000,       
    0.0000,       
    0.0000,       
    0.0000,       
    0.0000,       
    0.0000,       
    0.0000,       
    0.0000,       
    0.0000,       
    0.0000,       
    0.0000,       
    0.0000,       
    0.0000,       
    0.0000,       
    0.0000,       
    0.0000,       
    0.0000,       
    0.0000,       
    0.7991,       
    0.8070,       
    0.8415,       
    0.8624,       
    0.8784,       
    0.9073,       
    0.9229,       
    0.9394,       
    0.9430,       
    0.6265,       
    0.6370,       
    0.6932,       
    0.7272,       
    0.7772,       
    0.8154,       
    0.8434,       
    0.8675,       
    0.8867,       
    0.4370,       
    0.4579,       
    0.5122,       
    0.5563,       
    0.5794,       
    0.6199,       
    0.6428,       
    0.6883,       
    0.7313,       
    0.2635,       
    0.2728,       
    0.2967,       
    0.3271,       
    0.3550,       
    0.3811,       
    0.4203,       
    0.4371,       
    0.4670,       
    0.5018,       
    0.5187,       
    0.5280,       
    0.5689,       
    0.5994,       
    0.6210,       
    0.6401,       
    0.6793,       
    0.6920,       
    0.4765,       
    0.4770,       
    0.4848,       
    0.4973,       
    0.5252,       
    0.5337,       
    0.5731,       
    0.6161,       
    0.6443,       
    0.4039,       
    0.4040,       
    0.4072,       
    0.4360,       
    0.4784,       
    0.4833,       
    0.4955,       
    0.5177,       
    0.5327,       
    0.3588,       
    0.3680,       
    0.3732,       
    0.3870,       
    0.3970,       
    0.4026,       
    0.4088,       
    0.4333,       
    0.4711,       
    0.8118,       
    0.8150,       
    0.8323,       
    0.8557,       
    0.8795,       
    0.8802,       
    0.9067,       
    0.9120,       
    0.9120,       
    0.7984,       
    0.8038,       
    0.8090,       
    0.8161,       
    0.8433,       
    0.8795,       
    0.8802,       
    0.8975,       
    0.9067,       
    0.7384,       
    0.7384,       
    0.7559,       
    0.7984,       
    0.8090,       
    0.8249,       
    0.8475,       
    0.8795,       
    0.8802,       
    0.6746,       
    0.6746,       
    0.6983,       
    0.7212,       
    0.7419,       
    0.7791,       
    0.8090,       
    0.8194,       
    0.8318,       
    0.9326,       
    0.9439,       
    0.9575,       
    0.9670,       
    0.9746,       
    0.9772,       
    0.9945,       
    0.9960,       
    0.9978,       
    0.7956,       
    0.7967,       
    0.8155,       
    0.8342,       
    0.9285,       
    0.9577,       
    0.9711,       
    0.9767,       
    0.9777,       
    0.6328,       
    0.6486,       
    0.6890,       
    0.7195,       
    0.7547,       
    0.8017,       
    0.8342,       
    0.9236,       
    0.9451,       
    0.5120,       
    0.5203,       
    0.5450,       
    0.5823,       
    0.6140,       
    0.6262,       
    0.6729,       
    0.7268,       
    0.7422,       
    0.5144,       
    0.5170,       
    0.5260,       
    0.5337,       
    0.5761,       
    0.5867,       
    0.6122,       
    0.6281,       
    0.6347,       
    0.4097,       
    0.4121,       
    0.4867,       
    0.4991,       
    0.5122,       
    0.5442,       
    0.5769,       
    0.5863,       
    0.6112,       
    0.3193,       
    0.3422,       
    0.3568,       
    0.3672,       
    0.3762,       
    0.3929,       
    0.4434,       
    0.5177,       
    0.5464,       
    0.2718,       
    0.2824,       
    0.2911,       
    0.3037,       
    0.3369,       
    0.3443,       
    0.3579,       
    0.3691,       
    0.3796,       
    0.9989,       
    0.9989,       
    0.9995,       
    0.9995,       
    0.9995,       
    1.0000,       
    1.0000,       
    1.0000,       
    1.0000,       
    0.9844,       
    0.9909,       
    0.9925,       
    0.9961,       
    0.9967,       
    0.9980,       
    0.9995,       
    0.9995,       
    0.9995,       
    0.8993,       
    0.9139,       
    0.9289,       
    0.9339,       
    0.9478,       
    0.9637,       
    0.9814,       
    0.9911,       
    0.9958,       
    0.6984,       
    0.7021,       
    0.7252,       
    0.7654,       
    0.8019,       
    0.8346,       
    0.8884,       
    0.9111,       
    0.9262,       
    0.9718,       
    0.9735,       
    0.9738,       
    0.9767,       
    0.9808,       
    0.9851,       
    0.9877,       
    0.9880,       
    0.9880,       
    0.9604,       
    0.9620,       
    0.9706,       
    0.9737,       
    0.9756,       
    0.9770,       
    0.9816,       
    0.9850,       
    0.9876,       
    0.9436,       
    0.9469,       
    0.9524,       
    0.9604,       
    0.9680,       
    0.9753,       
    0.9767,       
    0.9773,       
    0.9811,       
    0.8893,       
    0.9051,       
    0.9161,       
    0.9367,       
    0.9479,       
    0.9558,       
    0.9642,       
    0.9726,       
    0.9757,       
    0.4624,       
    0.4779,       
    0.5034,       
    0.5401,       
    0.5756,       
    0.5942,       
    0.6282,       
    0.6629,       
    0.7073,       
    0.4008,       
    0.4107,       
    0.4406,       
    0.4855,       
    0.5163,       
    0.5470,       
    0.5860,       
    0.6024,       
    0.6342,       
    0.3711,       
    0.3735,       
    0.3868,       
    0.4033,       
    0.4522,       
    0.4778,       
    0.5193,       
    0.5523,       
    0.5852,       
    0.3160,       
    0.3231,       
    0.3385,       
    0.3530,       
    0.3745,       
    0.3924,       
    0.4286,       
    0.4680,       
    0.4965,       
    0.5345,       
    0.5509,       
    0.6168,       
    0.6600,       
    0.6773,       
    0.8665,       
    0.9002,       
    0.9304,       
    0.9350,       
    0.2362,       
    0.2651,       
    0.3723,       
    0.4718,       
    0.5040,       
    0.5784,       
    0.6280,       
    0.8285,       
    0.8581,       
    0.1378,       
    0.1524,       
    0.1809,       
    0.2050,       
    0.2531,       
    0.2968,       
    0.4379,       
    0.4756,       
    0.4884,       
    0.0265,       
    0.0347,       
    0.0548,       
    0.0769,       
    0.0999,       
    0.1578,       
    0.1866,       
    0.2084,       
    0.2476,       
    0.2563,       
    0.2767,       
    0.3010,       
    0.3492,       
    0.3655,       
    0.3906,       
    0.4134,       
    0.4540,       
    0.5028,       
    0.1974,       
    0.1997,       
    0.2200,       
    0.2337,       
    0.2667,       
    0.2776,       
    0.2970,       
    0.3106,       
    0.3326,       
    0.0978,       
    0.1089,       
    0.1423,       
    0.1577,       
    0.1826,       
    0.1969,       
    0.2154,       
    0.2368,       
    0.2530,       
    0.0056,       
    0.0063,       
    0.0103,       
    0.0159,       
    0.0487,       
    0.0660,       
    0.0916,       
    0.1159,       
    0.1454,       
    0.2979,       
    0.3121,       
    0.3418,       
    0.3773,       
    0.3899,       
    0.4225,       
    0.4855,       
    0.5193,       
    0.5849,       
    0.1559,       
    0.1775,       
    0.2163,       
    0.2377,       
    0.2953,       
    0.3216,       
    0.3458,       
    0.3976,       
    0.4227,       
    0.0199,       
    0.0241,       
    0.0539,       
    0.0903,       
    0.1224,       
    0.1559,       
    0.1979,       
    0.2281,       
    0.2676,       
    0.0093,       
    0.0093,       
    0.0093,       
    0.0093,       
    0.0123,       
    0.0154,       
    0.0193,       
    0.0360,       
    0.0848,       
    0.7818,       
    0.7860,       
    0.7922,       
    0.8244,       
    0.9091,       
    0.9260,       
    0.9548,       
    0.9723,       
    0.9832,       
    0.4323,       
    0.5778,       
    0.6674,       
    0.7464,       
    0.7866,       
    0.8183,       
    0.8974,       
    0.9235,       
    0.9442,       
    0.3424,       
    0.3427,       
    0.3557,       
    0.3848,       
    0.3987,       
    0.4886,       
    0.7172,       
    0.7924,       
    0.8220,       
    0.2192,       
    0.2588,       
    0.2738,       
    0.2928,       
    0.3150,       
    0.3315,       
    0.3548,       
    0.3669,       
    0.3815,       
    0.3578,       
    0.3887,       
    0.4435,       
    0.4975,       
    0.6056,       
    0.6468,       
    0.6734,       
    0.7161,       
    0.7693,       
    0.0671,       
    0.0863,       
    0.1853,       
    0.2922,       
    0.3609,       
    0.4177,       
    0.4825,       
    0.5571,       
    0.6359,       
    0.0000,       
    0.0000,       
    0.0000,       
    0.0037,       
    0.0343,       
    0.0841,       
    0.1603,       
    0.3245,       
    0.3980,       
    0.0000,       
    0.0000,       
    0.0000,       
    0.0000,       
    0.0000,       
    0.0000,       
    0.0000,       
    0.0000,       
    0.0097,       
    0.7953,       
    0.8109,       
    0.8278,       
    0.8429,       
    0.8476,       
    0.8772,       
    0.8967,       
    0.9099,       
    0.9251,       
    0.6797,       
    0.7004,       
    0.7096,       
    0.7385,       
    0.7552,       
    0.7910,       
    0.8013,       
    0.8108,       
    0.8644,       
    0.5917,       
    0.5938,       
    0.6393,       
    0.6400,       
    0.6652,       
    0.6885,       
    0.7030,       
    0.7430,       
    0.7756,       
    0.3807,       
    0.4001,       
    0.4106,       
    0.4524,       
    0.5327,       
    0.5801,       
    0.5891,       
    0.6359,       
    0.6391,       
    0.2428,       
    0.2505,       
    0.2848,       
    0.3025,       
    0.3456,       
    0.3944,       
    0.4659,       
    0.5102,       
    0.5619,       
    0.1698,       
    0.1758,       
    0.1858,       
    0.2048,       
    0.2274,       
    0.2418,       
    0.2791,       
    0.3182,       
    0.3497,       
    0.0634,       
    0.0706,       
    0.1015,       
    0.1265,       
    0.1493,       
    0.1709,       
    0.1996,       
    0.2250,       
    0.2400,       
    0.0354,       
    0.0368,       
    0.0389,       
    0.0394,       
    0.0431,       
    0.0604,       
    0.0837,       
    0.1253,       
    0.1530,       
    0.9278,       
    0.9287,       
    0.9404,       
    0.9434,       
    0.9562,       
    0.9617,       
    0.9717,       
    0.9774,       
    0.9841,       
    0.8943,       
    0.8956,       
    0.9160,       
    0.9228,       
    0.9269,       
    0.9437,       
    0.9593,       
    0.9698,       
    0.9717,       
    0.8300,       
    0.8360,       
    0.8453,       
    0.8618,       
    0.8828,       
    0.9185,       
    0.9267,       
    0.9339,       
    0.9447,       
    0.6773,       
    0.6839,       
    0.7223,       
    0.7736,       
    0.7875,       
    0.8208,       
    0.8489,       
    0.8770,       
    0.8879,       
    0.9822,       
    0.9824,       
    0.9837,       
    0.9866,       
    0.9874,       
    0.9883,       
    0.9890,       
    0.9897,       
    0.9905,       
    0.9799,       
    0.9798,       
    0.9815,       
    0.9831,       
    0.9848,       
    0.9866,       
    0.9874,       
    0.9886,       
    0.9890,       
    0.9786,       
    0.9788,       
    0.9798,       
    0.9797,       
    0.9813,       
    0.9822,       
    0.9834,       
    0.9858,       
    0.9871,       
    0.9632,       
    0.9641,       
    0.9666,       
    0.9726,       
    0.9763,       
    0.9791,       
    0.9794,       
    0.9798,       
    0.9812,       
    0.8699,       
    0.8754,       
    0.9016,       
    0.9249,       
    0.9536,       
    0.9599,       
    0.9620,       
    0.9634,       
    0.9659,       
    0.7735,       
    0.7810,       
    0.8156,       
    0.8374,       
    0.8753,       
    0.8952,       
    0.9031,       
    0.9421,       
    0.9599,       
    0.0200,       
    0.0208,       
    0.1907,       
    0.4073,       
    0.7015,       
    0.7869,       
    0.8119,       
    0.8268,       
    0.8444,       
    0.0000,       
    0.0000,       
    0.0000,       
    0.0000,       
    0.0000,       
    0.0000,       
    0.0008,       
    0.0208,       
    0.1385,       
    0.8674,       
    0.8768,       
    0.8928,       
    0.9050,       
    0.9184,       
    0.9283,       
    0.9391,       
    0.9507,       
    0.9559,       
    0.8028,       
    0.8099,       
    0.8305,       
    0.8494,       
    0.8746,       
    0.8908,       
    0.9083,       
    0.9212,       
    0.9323,       
    0.7084,       
    0.7170,       
    0.7477,       
    0.7663,       
    0.7919,       
    0.8081,       
    0.8303,       
    0.8546,       
    0.8709,       
    0.3855,       
    0.4303,       
    0.5283,       
    0.5956,       
    0.6404,       
    0.6747,       
    0.7099,       
    0.7306,       
    0.7515,       
    0.9892,       
    0.9912,       
    0.9947,       
    0.9971,       
    0.9978,       
    0.9978,       
    0.9978,       
    0.9983,       
    0.9988,       
    0.9798,       
    0.9829,       
    0.9871,       
    0.9927,       
    0.9955,       
    0.9971,       
    0.9971,       
    0.9978,       
    0.9978,       
    0.9608,       
    0.9675,       
    0.9729,       
    0.9827,       
    0.9871,       
    0.9901,       
    0.9953,       
    0.9963,       
    0.9971,       
    0.9389,       
    0.9410,       
    0.9462,       
    0.9520,       
    0.9671,       
    0.9713,       
    0.9824,       
    0.9888,       
    0.9913,       
    0.9716,       
    0.9716,       
    0.9736,       
    0.9750,       
    0.9766,       
    0.9786,       
    0.9809,       
    0.9840,       
    0.9864,       
    0.9670,       
    0.9694,       
    0.9713,       
    0.9719,       
    0.9748,       
    0.9757,       
    0.9786,       
    0.9809,       
    0.9839,       
    0.9566,       
    0.9606,       
    0.9657,       
    0.9694,       
    0.9716,       
    0.9732,       
    0.9754,       
    0.9768,       
    0.9788,       
    0.9291,       
    0.9303,       
    0.9348,       
    0.9547,       
    0.9632,       
    0.9690,       
    0.9715,       
    0.9726,       
    0.9747,       
    0.8990,       
    0.9064,       
    0.9132,       
    0.9207,       
    0.9286,       
    0.9494,       
    0.9596,       
    0.9770,       
    0.9796,       
    0.8290,       
    0.8365,       
    0.8447,       
    0.8678,       
    0.8854,       
    0.9132,       
    0.9154,       
    0.9171,       
    0.9247,       
    0.6554,       
    0.6804,       
    0.7398,       
    0.7447,       
    0.7608,       
    0.8213,       
    0.8390,       
    0.8423,       
    0.8560,       
    0.0125,       
    0.0129,       
    0.0138,       
    0.0376,       
    0.1348,       
    0.3103,       
    0.5472,       
    0.5712,       
    0.5978,       
    0.7097,       
    0.7123,       
    0.7203,       
    0.7676,       
    0.7830,       
    0.7991,       
    0.8254,       
    0.8272,       
    0.8283,       
    0.3724,       
    0.3810,       
    0.4361,       
    0.5441,       
    0.5717,       
    0.5737,       
    0.7227,       
    0.7698,       
    0.7762,       
    0.1479,       
    0.1487,       
    0.1798,       
    0.2075,       
    0.2899,       
    0.3280,       
    0.3746,       
    0.4392,       
    0.5454,       
    0.0985,       
    0.1017,       
    0.1055,       
    0.1093,       
    0.1177,       
    0.1216,       
    0.1309,       
    0.1540,       
    0.2159,       
    0.9322,       
    0.9332,       
    0.9353,       
    0.9426,       
    0.9547,       
    0.9566,       
    0.9590,       
    0.9627,       
    0.9645,       
    0.9165,       
    0.9181,       
    0.9310,       
    0.9330,       
    0.9388,       
    0.9426,       
    0.9544,       
    0.9566,       
    0.9576,       
    0.8939,       
    0.8942,       
    0.9026,       
    0.9127,       
    0.9293,       
    0.9319,       
    0.9376,       
    0.9393,       
    0.9418,       
    0.8689,       
    0.8690,       
    0.8714,       
    0.8732,       
    0.8918,       
    0.9007,       
    0.9109,       
    0.9224,       
    0.9283,       
    0.7915,       
    0.8083,       
    0.8318,       
    0.8567,       
    0.8929,       
    0.9138,       
    0.9304,       
    0.9523,       
    0.9686,       
    0.6586,       
    0.6792,       
    0.7608,       
    0.8207,       
    0.8467,       
    0.8718,       
    0.9103,       
    0.9255,       
    0.9362,       
    0.5415,       
    0.5539,       
    0.6038,       
    0.6730,       
    0.7541,       
    0.8143,       
    0.8467,       
    0.8846,       
    0.9090,       
    0.3700,       
    0.3851,       
    0.4254,       
    0.4716,       
    0.5639,       
    0.6285,       
    0.7159,       
    0.7790,       
    0.8044;