real ExposedPopulationShare[26, 4, 9] =
    0.0190,       
    0.0193,       
    0.0471,       
    0.0576,       
    0.0651,       
    0.2165,       
    0.4295,       
    0.5040,       
    0.5654,       
    0.0000,       
    0.0000,       
    0.0000,       
    0.0000,       
    0.0150,       
    0.0191,       
    0.0456,       
    0.0663,       
    0.1795,       
    0.0000,       
    0.0000,       
    0.0000,       
    0.0000,       
    0.0000,       
    0.0000,       
    0.0000,       
    0.0000,       
    0.0000,       
    0.0000,       
    0.0000,       
    0.0000,       
    0.0000,       
    0.0000,       
    0.0000,       
    0.0000,       
    0.0000,       
    0.0000,       
    0.7990,       
    0.8069,       
    0.8413,       
    0.8621,       
    0.8780,       
    0.9070,       
    0.9226,       
    0.9391,       
    0.9427,       
    0.6265,       
    0.6369,       
    0.6929,       
    0.7267,       
    0.7766,       
    0.8148,       
    0.8428,       
    0.8669,       
    0.8861,       
    0.4370,       
    0.4577,       
    0.5117,       
    0.5556,       
    0.5785,       
    0.6188,       
    0.6417,       
    0.6872,       
    0.7304,       
    0.2635,       
    0.2726,       
    0.2961,       
    0.3260,       
    0.3535,       
    0.3794,       
    0.4185,       
    0.4352,       
    0.4651,       
    0.5018,       
    0.5188,       
    0.5282,       
    0.5693,       
    0.5999,       
    0.6216,       
    0.6408,       
    0.6800,       
    0.6928,       
    0.4765,       
    0.4771,       
    0.4850,       
    0.4977,       
    0.5258,       
    0.5345,       
    0.5739,       
    0.6170,       
    0.6453,       
    0.4039,       
    0.4041,       
    0.4075,       
    0.4365,       
    0.4790,       
    0.4841,       
    0.4964,       
    0.5188,       
    0.5339,       
    0.3588,       
    0.3680,       
    0.3734,       
    0.3873,       
    0.3974,       
    0.4031,       
    0.4099,       
    0.4345,       
    0.4724,       
    0.8118,       
    0.8150,       
    0.8323,       
    0.8557,       
    0.8795,       
    0.8802,       
    0.9067,       
    0.9120,       
    0.9120,       
    0.7984,       
    0.8038,       
    0.8090,       
    0.8161,       
    0.8433,       
    0.8795,       
    0.8802,       
    0.8975,       
    0.9067,       
    0.7384,       
    0.7384,       
    0.7559,       
    0.7984,       
    0.8090,       
    0.8249,       
    0.8475,       
    0.8794,       
    0.8801,       
    0.6746,       
    0.6746,       
    0.6983,       
    0.7211,       
    0.7419,       
    0.7791,       
    0.8090,       
    0.8193,       
    0.8318,       
    0.9326,       
    0.9439,       
    0.9575,       
    0.9670,       
    0.9746,       
    0.9772,       
    0.9945,       
    0.9960,       
    0.9978,       
    0.7956,       
    0.7967,       
    0.8155,       
    0.8342,       
    0.9284,       
    0.9577,       
    0.9711,       
    0.9767,       
    0.9777,       
    0.6328,       
    0.6486,       
    0.6890,       
    0.7195,       
    0.7547,       
    0.8017,       
    0.8342,       
    0.9236,       
    0.9451,       
    0.5120,       
    0.5203,       
    0.5450,       
    0.5823,       
    0.6140,       
    0.6261,       
    0.6728,       
    0.7268,       
    0.7422,       
    0.5144,       
    0.5170,       
    0.5260,       
    0.5338,       
    0.5762,       
    0.5868,       
    0.6123,       
    0.6282,       
    0.6349,       
    0.4097,       
    0.4121,       
    0.4867,       
    0.4992,       
    0.5123,       
    0.5443,       
    0.5771,       
    0.5865,       
    0.6114,       
    0.3193,       
    0.3422,       
    0.3569,       
    0.3672,       
    0.3763,       
    0.3931,       
    0.4436,       
    0.5179,       
    0.5466,       
    0.2718,       
    0.2824,       
    0.2912,       
    0.3038,       
    0.3370,       
    0.3444,       
    0.3581,       
    0.3693,       
    0.3798,       
    0.9989,       
    0.9989,       
    0.9995,       
    0.9995,       
    0.9995,       
    1.0000,       
    1.0000,       
    1.0000,       
    1.0000,       
    0.9844,       
    0.9909,       
    0.9925,       
    0.9961,       
    0.9967,       
    0.9981,       
    0.9995,       
    0.9995,       
    0.9995,       
    0.8993,       
    0.9139,       
    0.9289,       
    0.9339,       
    0.9478,       
    0.9637,       
    0.9814,       
    0.9911,       
    0.9958,       
    0.6984,       
    0.7021,       
    0.7252,       
    0.7654,       
    0.8019,       
    0.8346,       
    0.8884,       
    0.9111,       
    0.9262,       
    0.9718,       
    0.9735,       
    0.9738,       
    0.9767,       
    0.9808,       
    0.9850,       
    0.9876,       
    0.9879,       
    0.9880,       
    0.9604,       
    0.9620,       
    0.9706,       
    0.9737,       
    0.9755,       
    0.9769,       
    0.9815,       
    0.9849,       
    0.9875,       
    0.9436,       
    0.9469,       
    0.9524,       
    0.9603,       
    0.9679,       
    0.9753,       
    0.9766,       
    0.9772,       
    0.9810,       
    0.8893,       
    0.9051,       
    0.9160,       
    0.9366,       
    0.9477,       
    0.9556,       
    0.9640,       
    0.9725,       
    0.9756,       
    0.4624,       
    0.4779,       
    0.5035,       
    0.5402,       
    0.5757,       
    0.5944,       
    0.6284,       
    0.6631,       
    0.7075,       
    0.4008,       
    0.4107,       
    0.4406,       
    0.4855,       
    0.5163,       
    0.5471,       
    0.5861,       
    0.6026,       
    0.6344,       
    0.3711,       
    0.3735,       
    0.3868,       
    0.4033,       
    0.4523,       
    0.4778,       
    0.5194,       
    0.5524,       
    0.5854,       
    0.3160,       
    0.3231,       
    0.3384,       
    0.3530,       
    0.3745,       
    0.3924,       
    0.4285,       
    0.4680,       
    0.4965,       
    0.5345,       
    0.5508,       
    0.6167,       
    0.6600,       
    0.6775,       
    0.8679,       
    0.9001,       
    0.9306,       
    0.9354,       
    0.2361,       
    0.2650,       
    0.3720,       
    0.4711,       
    0.5030,       
    0.5777,       
    0.6277,       
    0.8299,       
    0.8589,       
    0.1378,       
    0.1523,       
    0.1804,       
    0.2041,       
    0.2519,       
    0.2948,       
    0.4370,       
    0.4732,       
    0.4860,       
    0.0265,       
    0.0346,       
    0.0545,       
    0.0755,       
    0.0977,       
    0.1553,       
    0.1835,       
    0.2053,       
    0.2447,       
    0.2563,       
    0.2767,       
    0.3010,       
    0.3491,       
    0.3655,       
    0.3906,       
    0.4134,       
    0.4540,       
    0.5028,       
    0.1974,       
    0.1997,       
    0.2200,       
    0.2337,       
    0.2667,       
    0.2776,       
    0.2970,       
    0.3106,       
    0.3325,       
    0.0978,       
    0.1089,       
    0.1423,       
    0.1577,       
    0.1827,       
    0.1969,       
    0.2155,       
    0.2369,       
    0.2531,       
    0.0056,       
    0.0063,       
    0.0103,       
    0.0159,       
    0.0487,       
    0.0660,       
    0.0917,       
    0.1160,       
    0.1454,       
    0.2979,       
    0.3121,       
    0.3419,       
    0.3774,       
    0.3902,       
    0.4228,       
    0.4857,       
    0.5195,       
    0.5851,       
    0.1559,       
    0.1775,       
    0.2162,       
    0.2376,       
    0.2954,       
    0.3218,       
    0.3460,       
    0.3978,       
    0.4228,       
    0.0199,       
    0.0241,       
    0.0539,       
    0.0902,       
    0.1224,       
    0.1559,       
    0.1977,       
    0.2278,       
    0.2680,       
    0.0093,       
    0.0093,       
    0.0093,       
    0.0093,       
    0.0123,       
    0.0153,       
    0.0193,       
    0.0360,       
    0.0846,       
    0.7818,       
    0.7860,       
    0.7922,       
    0.8243,       
    0.9091,       
    0.9259,       
    0.9548,       
    0.9722,       
    0.9832,       
    0.4323,       
    0.5778,       
    0.6674,       
    0.7463,       
    0.7864,       
    0.8181,       
    0.8973,       
    0.9234,       
    0.9441,       
    0.3424,       
    0.3427,       
    0.3557,       
    0.3846,       
    0.3984,       
    0.4881,       
    0.7168,       
    0.7920,       
    0.8217,       
    0.2192,       
    0.2588,       
    0.2736,       
    0.2925,       
    0.3145,       
    0.3308,       
    0.3539,       
    0.3658,       
    0.3803,       
    0.3577,       
    0.3887,       
    0.4434,       
    0.4973,       
    0.6054,       
    0.6466,       
    0.6732,       
    0.7158,       
    0.7691,       
    0.0671,       
    0.0863,       
    0.1854,       
    0.2923,       
    0.3604,       
    0.4172,       
    0.4820,       
    0.5567,       
    0.6355,       
    0.0000,       
    0.0000,       
    0.0000,       
    0.0037,       
    0.0343,       
    0.0842,       
    0.1604,       
    0.3247,       
    0.3974,       
    0.0000,       
    0.0000,       
    0.0000,       
    0.0000,       
    0.0000,       
    0.0000,       
    0.0000,       
    0.0000,       
    0.0097,       
    0.7953,       
    0.8109,       
    0.8278,       
    0.8428,       
    0.8475,       
    0.8770,       
    0.8965,       
    0.9097,       
    0.9250,       
    0.6797,       
    0.7004,       
    0.7095,       
    0.7384,       
    0.7551,       
    0.7908,       
    0.8011,       
    0.8106,       
    0.8642,       
    0.5917,       
    0.5938,       
    0.6392,       
    0.6398,       
    0.6649,       
    0.6881,       
    0.7026,       
    0.7429,       
    0.7753,       
    0.3806,       
    0.4000,       
    0.4105,       
    0.4523,       
    0.5324,       
    0.5797,       
    0.5887,       
    0.6354,       
    0.6387,       
    0.2428,       
    0.2505,       
    0.2846,       
    0.3021,       
    0.3450,       
    0.3937,       
    0.4651,       
    0.5094,       
    0.5611,       
    0.1698,       
    0.1758,       
    0.1856,       
    0.2044,       
    0.2268,       
    0.2410,       
    0.2781,       
    0.3172,       
    0.3485,       
    0.0634,       
    0.0706,       
    0.1013,       
    0.1261,       
    0.1487,       
    0.1701,       
    0.1987,       
    0.2239,       
    0.2388,       
    0.0353,       
    0.0367,       
    0.0387,       
    0.0391,       
    0.0426,       
    0.0595,       
    0.0827,       
    0.1242,       
    0.1518,       
    0.9278,       
    0.9287,       
    0.9404,       
    0.9434,       
    0.9563,       
    0.9618,       
    0.9717,       
    0.9774,       
    0.9841,       
    0.8943,       
    0.8956,       
    0.9160,       
    0.9229,       
    0.9269,       
    0.9437,       
    0.9593,       
    0.9698,       
    0.9717,       
    0.8300,       
    0.8360,       
    0.8453,       
    0.8618,       
    0.8828,       
    0.9185,       
    0.9267,       
    0.9339,       
    0.9447,       
    0.6773,       
    0.6839,       
    0.7223,       
    0.7735,       
    0.7875,       
    0.8208,       
    0.8490,       
    0.8770,       
    0.8880,       
    0.9822,       
    0.9824,       
    0.9837,       
    0.9866,       
    0.9874,       
    0.9883,       
    0.9890,       
    0.9897,       
    0.9904,       
    0.9799,       
    0.9798,       
    0.9815,       
    0.9831,       
    0.9848,       
    0.9866,       
    0.9874,       
    0.9886,       
    0.9890,       
    0.9787,       
    0.9788,       
    0.9798,       
    0.9798,       
    0.9814,       
    0.9822,       
    0.9834,       
    0.9858,       
    0.9871,       
    0.9633,       
    0.9641,       
    0.9667,       
    0.9728,       
    0.9764,       
    0.9793,       
    0.9796,       
    0.9800,       
    0.9813,       
    0.8699,       
    0.8754,       
    0.9016,       
    0.9250,       
    0.9538,       
    0.9601,       
    0.9623,       
    0.9637,       
    0.9662,       
    0.7735,       
    0.7810,       
    0.8157,       
    0.8376,       
    0.8755,       
    0.8956,       
    0.9036,       
    0.9426,       
    0.9602,       
    0.0200,       
    0.0208,       
    0.1907,       
    0.4074,       
    0.7017,       
    0.7873,       
    0.8124,       
    0.8275,       
    0.8449,       
    0.0000,       
    0.0000,       
    0.0000,       
    0.0000,       
    0.0000,       
    0.0000,       
    0.0008,       
    0.0208,       
    0.1387,       
    0.8674,       
    0.8768,       
    0.8928,       
    0.9050,       
    0.9184,       
    0.9283,       
    0.9391,       
    0.9507,       
    0.9559,       
    0.8028,       
    0.8099,       
    0.8304,       
    0.8494,       
    0.8746,       
    0.8907,       
    0.9083,       
    0.9212,       
    0.9323,       
    0.7084,       
    0.7170,       
    0.7477,       
    0.7663,       
    0.7919,       
    0.8081,       
    0.8303,       
    0.8545,       
    0.8708,       
    0.3855,       
    0.4303,       
    0.5283,       
    0.5956,       
    0.6404,       
    0.6746,       
    0.7098,       
    0.7306,       
    0.7514,       
    0.9892,       
    0.9912,       
    0.9947,       
    0.9971,       
    0.9978,       
    0.9978,       
    0.9978,       
    0.9983,       
    0.9988,       
    0.9798,       
    0.9829,       
    0.9871,       
    0.9927,       
    0.9955,       
    0.9971,       
    0.9971,       
    0.9978,       
    0.9978,       
    0.9608,       
    0.9675,       
    0.9728,       
    0.9826,       
    0.9871,       
    0.9901,       
    0.9953,       
    0.9963,       
    0.9971,       
    0.9389,       
    0.9410,       
    0.9461,       
    0.9519,       
    0.9670,       
    0.9712,       
    0.9822,       
    0.9888,       
    0.9913,       
    0.9716,       
    0.9716,       
    0.9736,       
    0.9750,       
    0.9766,       
    0.9786,       
    0.9809,       
    0.9840,       
    0.9864,       
    0.9670,       
    0.9694,       
    0.9713,       
    0.9719,       
    0.9748,       
    0.9757,       
    0.9786,       
    0.9809,       
    0.9839,       
    0.9566,       
    0.9606,       
    0.9657,       
    0.9694,       
    0.9716,       
    0.9732,       
    0.9754,       
    0.9768,       
    0.9788,       
    0.9291,       
    0.9303,       
    0.9348,       
    0.9547,       
    0.9632,       
    0.9690,       
    0.9715,       
    0.9726,       
    0.9747,       
    0.8990,       
    0.9064,       
    0.9132,       
    0.9207,       
    0.9286,       
    0.9494,       
    0.9596,       
    0.9770,       
    0.9796,       
    0.8290,       
    0.8365,       
    0.8447,       
    0.8678,       
    0.8854,       
    0.9132,       
    0.9154,       
    0.9171,       
    0.9247,       
    0.6554,       
    0.6804,       
    0.7398,       
    0.7447,       
    0.7608,       
    0.8213,       
    0.8389,       
    0.8423,       
    0.8560,       
    0.0125,       
    0.0129,       
    0.0138,       
    0.0376,       
    0.1348,       
    0.3103,       
    0.5472,       
    0.5712,       
    0.5978,       
    0.7097,       
    0.7123,       
    0.7203,       
    0.7676,       
    0.7830,       
    0.7991,       
    0.8254,       
    0.8272,       
    0.8283,       
    0.3724,       
    0.3810,       
    0.4361,       
    0.5441,       
    0.5717,       
    0.5737,       
    0.7227,       
    0.7698,       
    0.7762,       
    0.1479,       
    0.1487,       
    0.1798,       
    0.2075,       
    0.2899,       
    0.3280,       
    0.3746,       
    0.4392,       
    0.5454,       
    0.0985,       
    0.1017,       
    0.1055,       
    0.1093,       
    0.1177,       
    0.1216,       
    0.1309,       
    0.1540,       
    0.2159,       
    0.9322,       
    0.9332,       
    0.9353,       
    0.9426,       
    0.9546,       
    0.9565,       
    0.9589,       
    0.9626,       
    0.9644,       
    0.9165,       
    0.9181,       
    0.9310,       
    0.9330,       
    0.9388,       
    0.9426,       
    0.9544,       
    0.9565,       
    0.9576,       
    0.8939,       
    0.8942,       
    0.9027,       
    0.9128,       
    0.9293,       
    0.9319,       
    0.9375,       
    0.9392,       
    0.9418,       
    0.8689,       
    0.8690,       
    0.8715,       
    0.8733,       
    0.8919,       
    0.9008,       
    0.9110,       
    0.9225,       
    0.9284,       
    0.7915,       
    0.8083,       
    0.8317,       
    0.8565,       
    0.8926,       
    0.9135,       
    0.9301,       
    0.9520,       
    0.9684,       
    0.6586,       
    0.6792,       
    0.7607,       
    0.8205,       
    0.8465,       
    0.8715,       
    0.9100,       
    0.9252,       
    0.9359,       
    0.5415,       
    0.5539,       
    0.6038,       
    0.6729,       
    0.7539,       
    0.8140,       
    0.8464,       
    0.8843,       
    0.9087,       
    0.3700,       
    0.3851,       
    0.4254,       
    0.4715,       
    0.5638,       
    0.6284,       
    0.7157,       
    0.7787,       
    0.8041;