real ExposedPopulationShare[26, 4, 9] =
    1.5199,       
    1.9051,       
    5.7614,       
    17.1295,      
    35.5520,      
    51.1935,      
    57.3072,      
    61.0492,      
    69.0045,      
    0.0000,       
    0.0000,       
    0.0000,       
    0.0000,       
    1.9279,       
    5.7579,       
    17.7887,      
    36.5426,      
    55.1626,      
    0.0000,       
    0.0000,       
    0.0000,       
    0.0000,       
    0.0000,       
    0.0000,       
    0.0000,       
    1.5295,       
    6.4325,       
    0.0000,       
    0.0000,       
    0.0000,       
    0.0000,       
    0.0000,       
    0.0000,       
    0.0000,       
    0.0000,       
    0.0000,       
    78.1756,      
    79.6057,      
    82.3582,      
    86.8863,      
    88.5908,      
    91.4007,      
    92.1657,      
    94.0893,      
    95.2535,      
    60.3962,      
    61.9840,      
    67.2312,      
    72.9837,      
    79.4443,      
    83.3866,      
    86.4164,      
    88.3518,      
    90.1309,      
    42.5696,      
    43.1747,      
    47.1767,      
    55.3721,      
    59.9195,      
    63.9664,      
    70.0000,      
    75.4265,      
    80.5610,      
    25.3100,      
    25.7362,      
    27.5371,      
    32.4390,      
    36.2301,      
    41.1859,      
    43.6097,      
    47.8831,      
    55.1020,      
    49.7349,      
    50.6635,      
    53.0545,      
    55.1253,      
    59.7427,      
    62.2815,      
    65.0767,      
    67.8601,      
    68.6010,      
    43.9127,      
    47.6118,      
    47.9426,      
    49.0688,      
    52.5205,      
    53.6120,      
    57.6255,      
    61.5037,      
    62.7353,      
    40.3389,      
    40.3698,      
    40.5259,      
    41.1027,      
    47.6065,      
    47.9924,      
    49.7375,      
    51.8299,      
    53.2739,      
    34.4807,      
    35.7198,      
    36.6971,      
    38.0862,      
    39.5431,      
    40.2856,      
    41.5703,      
    43.2632,      
    47.0154,      
    81.0858,      
    82.1887,      
    83.4110,      
    85.1298,      
    87.7124,      
    89.4443,      
    90.9213,      
    90.9691,      
    90.9692,      
    78.2700,      
    80.0671,      
    80.5402,      
    82.8751,      
    85.1296,      
    87.7123,      
    89.4440,      
    90.3628,      
    90.9214,      
    72.8802,      
    73.1461,      
    76.1341,      
    78.6703,      
    80.5400,      
    83.3064,      
    85.1292,      
    87.7116,      
    89.4433,      
    64.2358,      
    65.5761,      
    69.6164,      
    70.7503,      
    73.8720,      
    77.7338,      
    79.0312,      
    81.5822,      
    83.3055,      
    94.3523,      
    95.3081,      
    96.3138,      
    97.2287,      
    97.5826,      
    99.2460,      
    99.3666,      
    99.6064,      
    99.6205,      
    79.4542,      
    80.2131,      
    82.5648,      
    93.4317,      
    95.6564,      
    96.6656,      
    97.3693,      
    97.6027,      
    98.7585,      
    63.7945,      
    66.4032,      
    70.0549,      
    75.6848,      
    80.0796,      
    82.9655,      
    92.9375,      
    94.8562,      
    95.9106,      
    51.3669,      
    52.6880,      
    55.8264,      
    58.7627,      
    61.3634,      
    64.4884,      
    70.2913,      
    74.1863,      
    78.5491,      
    51.6142,      
    52.4476,      
    52.7229,      
    53.8930,      
    57.8815,      
    59.1540,      
    61.5592,      
    62.6907,      
    63.8297,      
    41.5891,      
    44.8230,      
    49.3604,      
    50.8667,      
    52.7472,      
    54.6372,      
    58.1177,      
    58.8957,      
    60.8980,      
    32.5280,      
    34.7536,      
    36.5069,      
    37.1060,      
    38.6324,      
    40.9331,      
    44.5530,      
    51.9974,      
    54.1319,      
    27.6627,      
    28.5130,      
    29.6648,      
    31.0360,      
    31.7711,      
    34.9656,      
    36.1179,      
    37.2762,      
    38.0588,      
    99.8123,      
    99.8861,      
    99.9449,      
    99.9449,      
    99.9449,      
    99.9988,      
    99.9988,      
    99.9988,      
    99.9988,      
    96.8716,      
    98.3528,      
    99.0850,      
    99.3402,      
    99.6719,      
    99.9146,      
    99.9449,      
    99.9449,      
    99.9449,      
    84.6184,      
    85.8465,      
    90.7860,      
    92.7017,      
    94.9642,      
    97.1905,      
    98.4858,      
    98.7824,      
    99.2905,      
    63.2643,      
    64.0099,      
    70.0001,      
    73.0076,      
    75.5407,      
    80.3797,      
    83.8696,      
    88.3479,      
    90.3289,      
    97.1400,      
    97.2374,      
    97.2881,      
    97.5668,      
    97.8550,      
    98.7345,      
    98.7436,      
    98.7619,      
    98.7919,      
    96.0632,      
    96.3546,      
    96.6504,      
    97.2661,      
    97.3044,      
    97.7800,      
    97.9269,      
    98.4819,      
    98.7241,      
    94.3917,      
    94.6584,      
    95.2750,      
    96.0266,      
    96.6273,      
    97.1999,      
    97.3262,      
    97.6887,      
    97.8775,      
    89.2148,      
    89.7537,      
    91.6362,      
    93.8078,      
    95.0467,      
    95.5352,      
    96.1030,      
    96.5710,      
    97.1657,      
    47.7335,      
    48.0816,      
    50.9691,      
    53.6963,      
    56.9997,      
    60.3236,      
    62.9118,      
    64.0952,      
    66.5743,      
    40.7326,      
    41.4616,      
    44.3205,      
    48.9799,      
    51.6617,      
    54.1257,      
    57.5933,      
    59.6370,      
    62.1234,      
    37.2589,      
    37.8467,      
    38.9863,      
    40.5715,      
    44.1609,      
    48.5643,      
    51.2739,      
    52.8452,      
    54.8943,      
    31.6035,      
    32.4262,      
    34.1677,      
    35.5134,      
    37.0007,      
    39.1038,      
    40.6238,      
    43.9957,      
    46.4366,      
    48.7435,      
    51.4216,      
    60.6155,      
    64.7925,      
    85.5595,      
    88.4623,      
    90.5134,      
    92.4273,      
    93.1574,      
    25.3128,      
    27.2744,      
    37.1194,      
    48.9212,      
    51.5597,      
    54.7587,      
    65.6027,      
    84.6394,      
    87.8420,      
    13.7452,      
    16.8832,      
    18.0512,      
    20.6209,      
    27.5456,      
    41.0594,      
    47.1712,      
    48.0988,      
    51.5060,      
    2.6514,       
    3.4594,       
    5.3151,       
    7.8764,       
    12.5281,      
    15.9798,      
    18.9153,      
    22.0614,      
    24.5463,      
    23.8307,      
    24.1375,      
    27.8726,      
    29.7126,      
    35.9430,      
    39.9608,      
    46.5365,      
    52.5012,      
    59.6847,      
    16.7493,      
    17.5774,      
    19.4321,      
    22.1401,      
    24.0110,      
    28.0687,      
    30.3241,      
    35.7291,      
    39.7189,      
    6.9080,       
    7.4086,       
    9.9219,       
    13.6450,      
    15.6494,      
    18.4085,      
    21.6783,      
    23.2982,      
    26.1247,      
    0.0249,       
    0.0249,       
    0.5063,       
    0.9428,       
    3.1110,       
    5.4397,       
    7.3944,       
    10.3602,      
    13.0744,      
    25.1596,      
    28.4153,      
    32.4573,      
    37.9416,      
    40.8013,      
    48.1287,      
    58.6608,      
    77.9372,      
    87.3961,      
    11.3332,      
    12.5326,      
    16.8353,      
    22.6921,      
    30.0424,      
    34.0356,      
    40.1467,      
    43.4774,      
    52.5644,      
    1.6280,       
    1.9337,       
    2.2662,       
    5.0976,       
    11.1890,      
    15.8359,      
    21.9501,      
    29.5082,      
    33.3676,      
    0.6714,       
    0.8419,       
    0.9315,       
    0.9311,       
    0.9307,       
    1.2308,       
    2.2621,       
    4.8617,       
    9.2212,       
    72.7410,      
    74.5406,      
    76.9415,      
    82.5954,      
    90.8647,      
    92.8196,      
    95.0236,      
    97.6764,      
    98.3269,      
    39.2366,      
    39.8716,      
    56.7274,      
    67.3753,      
    76.4397,      
    81.0663,      
    89.4172,      
    92.4318,      
    93.0434,      
    31.6807,      
    32.5807,      
    34.3165,      
    35.9586,      
    39.3586,      
    47.4525,      
    67.5977,      
    76.4064,      
    78.1851,      
    20.5348,      
    20.8502,      
    21.9212,      
    27.4864,      
    29.7004,      
    31.8795,      
    34.4820,      
    34.7928,      
    36.4209,      
    39.0483,      
    42.2131,      
    46.5422,      
    60.6942,      
    66.3824,      
    71.6962,      
    81.2249,      
    92.5352,      
    98.1419,      
    4.7243,       
    6.3058,       
    20.3893,      
    31.3784,      
    42.5380,      
    51.6154,      
    63.3680,      
    67.3377,      
    76.0924,      
    0.0000,       
    0.0000,       
    0.0000,       
    0.0000,       
    3.6559,       
    10.9860,      
    29.8681,      
    38.6331,      
    46.7966,      
    0.0000,       
    0.0000,       
    0.0000,       
    0.0000,       
    0.0000,       
    0.0000,       
    0.0000,       
    0.0000,       
    0.1928,       
    80.3439,      
    81.0181,      
    82.7780,      
    85.8427,      
    86.5720,      
    87.0754,      
    89.9713,      
    91.3674,      
    91.4493,      
    70.1876,      
    70.5174,      
    70.9709,      
    75.5148,      
    80.6894,      
    83.2249,      
    85.4104,      
    86.9425,      
    87.1004,      
    59.2353,      
    59.3092,      
    63.8601,      
    64.1654,      
    67.6549,      
    70.5550,      
    74.5523,      
    76.3701,      
    78.0169,      
    31.3569,      
    38.8814,      
    40.3003,      
    46.4499,      
    54.3153,      
    57.9536,      
    59.1677,      
    63.7912,      
    64.1255,      
    26.8560,      
    28.4878,      
    34.9667,      
    41.5657,      
    50.0161,      
    60.8702,      
    74.1857,      
    82.0722,      
    86.5645,      
    17.2495,      
    18.1961,      
    19.6982,      
    23.5158,      
    27.4838,      
    33.3664,      
    39.2165,      
    46.3289,      
    59.3769,      
    6.3680,       
    6.4849,       
    10.1385,      
    13.5273,      
    16.2983,      
    18.5379,      
    22.0755,      
    24.5158,      
    28.1647,      
    2.9039,       
    2.9108,       
    3.6319,       
    3.8896,       
    4.7270,       
    6.0497,       
    8.2234,       
    11.9254,      
    14.2719,      
    92.0593,      
    92.3508,      
    92.9268,      
    94.2257,      
    94.3502,      
    95.9250,      
    96.9182,      
    97.0697,      
    97.4556,      
    87.6827,      
    88.1078,      
    90.9892,      
    92.0414,      
    92.5956,      
    94.1709,      
    95.3735,      
    95.9249,      
    96.3077,      
    81.7658,      
    82.2468,      
    83.5229,      
    85.3760,      
    88.0692,      
    90.2406,      
    92.0439,      
    92.4108,      
    94.1016,      
    62.3376,      
    63.8242,      
    67.3935,      
    72.6694,      
    78.4063,      
    81.1313,      
    83.2435,      
    84.5964,      
    86.4203,      
    98.2313,      
    98.2987,      
    98.3349,      
    98.4786,      
    98.6578,      
    98.7346,      
    98.8203,      
    98.8910,      
    99.0118,      
    97.9760,      
    97.9740,      
    98.1986,      
    98.2316,      
    98.2988,      
    98.4783,      
    98.6090,      
    98.6978,      
    98.8107,      
    97.8223,      
    97.8720,      
    97.9689,      
    97.9637,      
    97.9640,      
    98.1990,      
    98.2988,      
    98.3299,      
    98.5341,      
    96.3626,      
    96.5487,      
    96.7325,      
    97.2262,      
    97.6239,      
    97.8467,      
    97.9486,      
    97.9430,      
    98.1647,      
    84.8222,      
    86.9837,      
    88.3441,      
    90.3259,      
    95.0851,      
    96.0002,      
    96.2129,      
    96.6019,      
    96.8298,      
    70.6767,      
    75.1881,      
    79.4170,      
    82.6119,      
    86.1277,      
    88.3539,      
    90.0962,      
    92.6305,      
    95.7233,      
    0.0567,       
    0.3710,       
    2.3444,       
    19.0732,      
    54.0396,      
    73.2106,      
    79.8688,      
    81.9440,      
    83.3437,      
    0.0000,       
    0.0000,       
    0.0000,       
    0.0000,       
    0.0000,       
    0.0000,       
    0.0000,       
    0.0823,       
    1.9962,       
    85.7876,      
    86.6929,      
    88.7337,      
    90.4602,      
    91.8980,      
    92.7253,      
    94.0599,      
    94.8332,      
    95.6994,      
    78.6428,      
    79.1904,      
    81.6118,      
    84.2973,      
    86.8814,      
    88.9316,      
    90.5513,      
    91.6916,      
    92.6080,      
    70.2803,      
    71.2752,      
    72.9718,      
    75.0500,      
    77.7135,      
    79.8241,      
    81.9766,      
    84.3585,      
    86.7174,      
    32.7008,      
    36.6323,      
    48.4689,      
    56.1662,      
    62.6497,      
    67.7342,      
    70.3612,      
    72.0516,      
    74.1265,      
    98.3883,      
    98.4320,      
    98.7186,      
    98.9087,      
    99.0758,      
    99.1270,      
    99.1967,      
    99.2064,      
    99.2147,      
    97.2118,      
    97.3760,      
    98.1808,      
    98.5170,      
    98.8743,      
    98.9107,      
    99.0773,      
    99.1287,      
    99.1973,      
    95.9238,      
    95.9612,      
    96.3418,      
    97.1850,      
    97.7251,      
    98.5042,      
    98.7566,      
    98.9008,      
    98.9132,      
    93.0284,      
    93.3660,      
    93.8325,      
    94.8530,      
    95.9209,      
    96.3634,      
    97.1596,      
    97.5261,      
    98.5329,      
    96.8953,      
    96.9004,      
    97.1466,      
    97.3041,      
    97.4458,      
    97.6130,      
    98.0451,      
    98.2243,      
    98.6774,      
    96.4633,      
    96.8392,      
    96.8953,      
    96.9997,      
    97.2769,      
    97.3618,      
    97.6131,      
    97.7452,      
    98.1355,      
    94.0568,      
    95.7506,      
    96.3537,      
    96.8392,      
    96.8997,      
    97.1646,      
    97.3041,      
    97.4441,      
    97.5780,      
    92.7546,      
    92.7841,      
    93.2125,      
    93.9519,      
    95.8524,      
    96.5258,      
    96.8953,      
    96.9742,      
    97.1999,      
    88.1107,      
    88.1159,      
    90.5857,      
    91.4397,      
    92.1007,      
    92.3729,      
    93.4717,      
    97.2207,      
    97.5967,      
    81.8282,      
    82.0035,      
    83.7894,      
    84.7060,      
    87.5026,      
    89.7977,      
    91.0078,      
    91.5948,      
    92.2613,      
    56.7108,      
    58.7586,      
    69.5242,      
    74.0296,      
    75.1176,      
    76.2369,      
    82.6751,      
    84.0004,      
    84.7810,      
    1.1554,       
    1.1732,       
    1.2256,       
    1.4031,       
    10.7336,      
    27.0088,      
    33.9492,      
    56.6590,      
    60.4106,      
    69.5675,      
    70.7530,      
    71.7837,      
    76.1849,      
    77.9094,      
    80.0525,      
    81.7369,      
    82.1338,      
    82.3572,      
    35.9818,      
    36.7873,      
    43.4517,      
    53.6720,      
    56.9936,      
    63.5653,      
    71.0030,      
    73.8688,      
    74.9393,      
    12.9466,      
    14.5956,      
    15.3253,      
    18.8551,      
    28.3371,      
    29.9975,      
    36.7549,      
    53.4005,      
    54.5557,      
    9.4670,       
    9.6464,       
    10.3352,      
    10.7054,      
    11.6197,      
    11.8612,      
    12.9211,      
    14.6733,      
    17.7247,      
    93.2967,      
    93.2967,      
    93.8298,      
    94.1819,      
    95.4662,      
    95.5686,      
    95.7313,      
    96.0965,      
    96.4135,      
    91.7665,      
    91.8066,      
    93.0585,      
    93.2240,      
    93.7341,      
    94.1441,      
    95.3736,      
    95.5379,      
    95.5745,      
    89.2824,      
    89.3672,      
    90.4944,      
    91.2679,      
    91.7849,      
    93.0073,      
    93.4620,      
    93.7781,      
    93.9987,      
    86.6424,      
    86.8912,      
    86.9399,      
    87.2663,      
    88.4925,      
    89.6484,      
    90.4389,      
    91.2538,      
    91.2661,      
    78.1414,      
    80.0691,      
    83.1737,      
    85.9866,      
    89.9083,      
    91.2581,      
    92.9109,      
    93.8072,      
    95.7997,      
    64.5955,      
    67.8889,      
    74.9218,      
    80.2140,      
    84.2064,      
    86.9881,      
    90.0524,      
    91.3132,      
    92.3240,      
    52.0140,      
    53.3967,      
    58.7691,      
    64.1671,      
    72.2681,      
    78.4762,      
    82.3937,      
    85.8703,      
    88.2855,      
    36.3952,      
    37.9019,      
    41.0007,      
    45.2934,      
    49.6331,      
    58.0936,      
    66.2969,      
    71.4208,      
    74.9666;