real ExposedPopulationShare[26, 4, 8] =
    1.9055,       
    5.7644,       
    17.1378,      
    35.5626,      
    51.2045,      
    57.3180,      
    61.0543,      
    68.9963,      
    0.0000,       
    0.0000,       
    0.0000,       
    1.9348,       
    5.7706,       
    17.8081,      
    36.5512,      
    55.1524,      
    0.0000,       
    0.0000,       
    0.0000,       
    0.0000,       
    0.0000,       
    0.0000,       
    1.5342,       
    6.4196,       
    0.0000,       
    0.0000,       
    0.0000,       
    0.0000,       
    0.0000,       
    0.0000,       
    0.0000,       
    0.0000,       
    79.6071,      
    82.3625,      
    86.8919,      
    88.5975,      
    91.4073,      
    92.1728,      
    94.0952,      
    95.2573,      
    61.9862,      
    67.2380,      
    72.9930,      
    79.4559,      
    83.3985,      
    86.4280,      
    88.3627,      
    90.1399,      
    43.1781,      
    47.1880,      
    55.3882,      
    59.9393,      
    63.9883,      
    70.0207,      
    75.4453,      
    80.5755,      
    25.7407,      
    27.5528,      
    32.4635,      
    36.2616,      
    41.2215,      
    43.6500,      
    47.9258,      
    55.1426,      
    50.6619,      
    53.0492,      
    55.1166,      
    59.7315,      
    62.2690,      
    65.0619,      
    67.8430,      
    68.5796,      
    47.6103,      
    47.9372,      
    49.0597,      
    52.5074,      
    53.5953,      
    57.6061,      
    61.4832,      
    62.7099,      
    40.3682,      
    40.5200,      
    41.0922,      
    47.5932,      
    47.9750,      
    49.7162,      
    51.8042,      
    53.2404,      
    35.7188,      
    36.6933,      
    38.0798,      
    39.5342,      
    40.2742,      
    41.5467,      
    43.2344,      
    46.9798,      
    82.1887,      
    83.4111,      
    85.1300,      
    87.7127,      
    89.4447,      
    90.9212,      
    90.9690,      
    90.9691,      
    80.0671,      
    80.5403,      
    82.8753,      
    85.1299,      
    87.7126,      
    89.4445,      
    90.3634,      
    90.9213,      
    73.1461,      
    76.1342,      
    78.6704,      
    80.5402,      
    83.3067,      
    85.1296,      
    87.7121,      
    89.4438,      
    65.5761,      
    69.6165,      
    70.7505,      
    73.8721,      
    77.7340,      
    79.0315,      
    81.5826,      
    83.3060,      
    95.3081,      
    96.3138,      
    97.2288,      
    97.5827,      
    99.2461,      
    99.3666,      
    99.6065,      
    99.6206,      
    80.2131,      
    82.5650,      
    93.4319,      
    95.6565,      
    96.6657,      
    97.3695,      
    97.6029,      
    98.7585,      
    66.4032,      
    70.0552,      
    75.6852,      
    80.0801,      
    82.9661,      
    92.9377,      
    94.8563,      
    95.9105,      
    52.6880,      
    55.8267,      
    58.7633,      
    61.3643,      
    64.4895,      
    70.2924,      
    74.1873,      
    78.5505,      
    52.4473,      
    52.7217,      
    53.8909,      
    57.8785,      
    59.1501,      
    61.5549,      
    62.6858,      
    63.8246,      
    44.8227,      
    49.3592,      
    50.8644,      
    52.7438,      
    54.6330,      
    58.1129,      
    58.8903,      
    60.8925,      
    34.7533,      
    36.5054,      
    37.1031,      
    38.6281,      
    40.9276,      
    44.5469,      
    51.9912,      
    54.1255,      
    28.5128,      
    29.6640,      
    31.0338,      
    31.7677,      
    34.9605,      
    36.1109,      
    37.2683,      
    38.0503,      
    99.8861,      
    99.9449,      
    99.9449,      
    99.9449,      
    99.9988,      
    99.9988,      
    99.9988,      
    99.9988,      
    98.3528,      
    99.0850,      
    99.3402,      
    99.6719,      
    99.9146,      
    99.9449,      
    99.9449,      
    99.9449,      
    85.8465,      
    90.7860,      
    92.7017,      
    94.9642,      
    97.1905,      
    98.4858,      
    98.7824,      
    99.2905,      
    64.0099,      
    70.0000,      
    73.0075,      
    75.5405,      
    80.3794,      
    83.8693,      
    88.3476,      
    90.3287,      
    97.2380,      
    97.2906,      
    97.5714,      
    97.8618,      
    98.7437,      
    98.7549,      
    98.7746,      
    98.8055,      
    96.3555,      
    96.6534,      
    97.2712,      
    97.3118,      
    97.7889,      
    97.9378,      
    98.4945,      
    98.7376,      
    94.6601,      
    95.2814,      
    96.0349,      
    96.6360,      
    97.2099,      
    97.3381,      
    97.7010,      
    97.8907,      
    89.7558,      
    91.6443,      
    93.8199,      
    95.0648,      
    95.5549,      
    96.1221,      
    96.5891,      
    97.1805,      
    48.0809,      
    50.9680,      
    53.6932,      
    56.9938,      
    60.3138,      
    62.8977,      
    64.0765,      
    66.5527,      
    41.4614,      
    44.3182,      
    48.9771,      
    51.6578,      
    54.1188,      
    57.5821,      
    59.6219,      
    62.1040,      
    37.8467,      
    38.9850,      
    40.5678,      
    44.1528,      
    48.5583,      
    51.2673,      
    52.8352,      
    54.8812,      
    32.4262,      
    34.1668,      
    35.5106,      
    36.9958,      
    39.0956,      
    40.6114,      
    43.9913,      
    46.4301,      
    51.4255,      
    60.6205,      
    64.7934,      
    85.5439,      
    88.4751,      
    90.5177,      
    92.4200,      
    93.1516,      
    27.2812,      
    37.1346,      
    48.9554,      
    51.6053,      
    54.8067,      
    65.6420,      
    84.6567,      
    87.8659,      
    16.8905,      
    18.0791,      
    20.6704,      
    27.6248,      
    41.1065,      
    47.2738,      
    48.2086,      
    51.6018,      
    3.4633,       
    5.3280,       
    7.9443,       
    12.6296,      
    16.1038,      
    19.0592,      
    22.2038,      
    24.6839,      
    24.1375,      
    27.8727,      
    29.7126,      
    35.9431,      
    39.9608,      
    46.5364,      
    52.5001,      
    59.6813,      
    17.5774,      
    19.4322,      
    22.1404,      
    24.0113,      
    28.0689,      
    30.3238,      
    35.7288,      
    39.7179,      
    7.4086,       
    9.9220,       
    13.6452,      
    15.6497,      
    18.4088,      
    21.6787,      
    23.2987,      
    26.1250,      
    0.0249,       
    0.5063,       
    0.9428,       
    3.1110,       
    5.4398,       
    7.3946,       
    10.3605,      
    13.0752,      
    28.4153,      
    32.4576,      
    37.9422,      
    40.8019,      
    48.1301,      
    58.6617,      
    77.9389,      
    87.3980,      
    12.5327,      
    16.8354,      
    22.6917,      
    30.0432,      
    34.0368,      
    40.1481,      
    43.4794,      
    52.5696,      
    1.9337,       
    2.2662,       
    5.0976,       
    11.1891,      
    15.8354,      
    21.9486,      
    29.5117,      
    33.3746,      
    0.8419,       
    0.9315,       
    0.9311,       
    0.9307,       
    1.2307,       
    2.2617,       
    4.8610,       
    9.2184,       
    74.5428,      
    76.9498,      
    82.6073,      
    90.8741,      
    92.8296,      
    95.0329,      
    97.6819,      
    98.3318,      
    39.8768,      
    56.7432,      
    67.3981,      
    76.4650,      
    81.0941,      
    89.4363,      
    92.4485,      
    93.0622,      
    32.5868,      
    34.3407,      
    36.0033,      
    39.4248,      
    47.5312,      
    67.6587,      
    76.4611,      
    78.2471,      
    20.8569,      
    21.9486,      
    27.5348,      
    29.7716,      
    31.9820,      
    34.6057,      
    34.9447,      
    36.6028,      
    42.2136,      
    46.5437,      
    60.6956,      
    66.3840,      
    71.6972,      
    81.2253,      
    92.5351,      
    98.1419,      
    6.3059,       
    20.3893,      
    31.3786,      
    42.5405,      
    51.6169,      
    63.3676,      
    67.3367,      
    76.0923,      
    0.0000,       
    0.0000,       
    0.0000,       
    3.6558,       
    10.9879,      
    29.8694,      
    38.6287,      
    46.7954,      
    0.0000,       
    0.0000,       
    0.0000,       
    0.0000,       
    0.0000,       
    0.0000,       
    0.0000,       
    0.1928,       
    81.0189,      
    82.7801,      
    85.8484,      
    86.5785,      
    87.0824,      
    89.9797,      
    91.3766,      
    91.4587,      
    70.5194,      
    70.9780,      
    75.5195,      
    80.6961,      
    83.2354,      
    85.4206,      
    86.9503,      
    87.1086,      
    59.3112,      
    63.8671,      
    64.1771,      
    67.6713,      
    70.5750,      
    74.5757,      
    76.3789,      
    78.0269,      
    38.8837,      
    40.3086,      
    46.4609,      
    54.3315,      
    57.9737,      
    59.1900,      
    63.8161,      
    64.1501,      
    28.4896,      
    34.9743,      
    41.5792,      
    50.0332,      
    60.8884,      
    74.2015,      
    82.0862,      
    86.5719,      
    18.1983,      
    19.7074,      
    23.5323,      
    27.5072,      
    33.3943,      
    39.2483,      
    46.3614,      
    59.4069,      
    6.4871,       
    10.1473,      
    13.5433,      
    16.3216,      
    18.5707,      
    22.1132,      
    24.5584,      
    28.2127,      
    2.9119,       
    3.6388,       
    3.9021,       
    4.7460,       
    6.0805,       
    8.2589,       
    11.9657,      
    14.3186,      
    92.3507,      
    92.9264,      
    94.2255,      
    94.3494,      
    95.9246,      
    96.9173,      
    97.0687,      
    97.4545,      
    88.1075,      
    90.9886,      
    92.0409,      
    92.5952,      
    94.1707,      
    95.3728,      
    95.9244,      
    96.3072,      
    82.2466,      
    83.5218,      
    85.3748,      
    88.0677,      
    90.2395,      
    92.0433,      
    92.4103,      
    94.1016,      
    63.8246,      
    67.3947,      
    72.6714,      
    78.4070,      
    81.1299,      
    83.2412,      
    84.5944,      
    86.4186,      
    98.2987,      
    98.3350,      
    98.4786,      
    98.6579,      
    98.7347,      
    98.8203,      
    98.8909,      
    99.0134,      
    97.9737,      
    98.1986,      
    98.2317,      
    98.2989,      
    98.4782,      
    98.6093,      
    98.6980,      
    98.8108,      
    97.8718,      
    97.9678,      
    97.9613,      
    97.9600,      
    98.1992,      
    98.2990,      
    98.3300,      
    98.5339,      
    96.5482,      
    96.7299,      
    97.2210,      
    97.6202,      
    97.8412,      
    97.9415,      
    97.9352,      
    98.1651,      
    86.9831,      
    88.3426,      
    90.3229,      
    95.0832,      
    95.9988,      
    96.2123,      
    96.6015,      
    96.8315,      
    75.1877,      
    79.4153,      
    82.6086,      
    86.1245,      
    88.3515,      
    90.0952,      
    92.6298,      
    95.7257,      
    0.3710,       
    2.3444,       
    19.0721,      
    54.0377,      
    73.2081,      
    79.8675,      
    81.9430,      
    83.3476,      
    0.0000,       
    0.0000,       
    0.0000,       
    0.0000,       
    0.0000,       
    0.0000,       
    0.0823,       
    1.9964,       
    86.6929,      
    88.7337,      
    90.4599,      
    91.8973,      
    92.7246,      
    94.0591,      
    94.8320,      
    95.6980,      
    79.1904,      
    81.6119,      
    84.2971,      
    86.8807,      
    88.9307,      
    90.5499,      
    91.6897,      
    92.6069,      
    71.2752,      
    72.9717,      
    75.0494,      
    77.7133,      
    79.8233,      
    81.9751,      
    84.3560,      
    86.7140,      
    36.6324,      
    48.4690,      
    56.1659,      
    62.6488,      
    67.7328,      
    70.3589,      
    72.0505,      
    74.1251,      
    98.4321,      
    98.7188,      
    98.9092,      
    99.0766,      
    99.1282,      
    99.1969,      
    99.2066,      
    99.2148,      
    97.3762,      
    98.1811,      
    98.5175,      
    98.8751,      
    98.9118,      
    99.0786,      
    99.1301,      
    99.1973,      
    95.9619,      
    96.3443,      
    97.1876,      
    97.7259,      
    98.5054,      
    98.7579,      
    98.9022,      
    98.9146,      
    93.3669,      
    93.8359,      
    94.8593,      
    95.9301,      
    96.3722,      
    97.1694,      
    97.5309,      
    98.5345,      
    96.9004,      
    97.1467,      
    97.3041,      
    97.4458,      
    97.6131,      
    98.0451,      
    98.2243,      
    98.6774,      
    96.8392,      
    96.8953,      
    96.9997,      
    97.2769,      
    97.3619,      
    97.6130,      
    97.7452,      
    98.1356,      
    95.7506,      
    96.3537,      
    96.8392,      
    96.8997,      
    97.1647,      
    97.3041,      
    97.4441,      
    97.5780,      
    92.7841,      
    93.2125,      
    93.9519,      
    95.8524,      
    96.5258,      
    96.8953,      
    96.9742,      
    97.2000,      
    88.1159,      
    90.5857,      
    91.4397,      
    92.1007,      
    92.3729,      
    93.4717,      
    97.2207,      
    97.5967,      
    82.0036,      
    83.7894,      
    84.7060,      
    87.5026,      
    89.7977,      
    91.0078,      
    91.5948,      
    92.2613,      
    58.7586,      
    69.5242,      
    74.0296,      
    75.1176,      
    76.2369,      
    82.6751,      
    84.0004,      
    84.7810,      
    1.1732,       
    1.2256,       
    1.4031,       
    10.7336,      
    27.0088,      
    33.9492,      
    56.6590,      
    60.4107,      
    70.7530,      
    71.7837,      
    76.1848,      
    77.9094,      
    80.0525,      
    81.7369,      
    82.1338,      
    82.3572,      
    36.7873,      
    43.4517,      
    53.6720,      
    56.9936,      
    63.5653,      
    71.0030,      
    73.8688,      
    74.9393,      
    14.5956,      
    15.3253,      
    18.8551,      
    28.3371,      
    29.9975,      
    36.7549,      
    53.4005,      
    54.5557,      
    9.6464,       
    10.3352,      
    10.7054,      
    11.6197,      
    11.8612,      
    12.9211,      
    14.6733,      
    17.7247,      
    93.2967,      
    93.8300,      
    94.1824,      
    95.4681,      
    95.5710,      
    95.7342,      
    96.0998,      
    96.4163,      
    91.8065,      
    93.0585,      
    93.2240,      
    93.7344,      
    94.1449,      
    95.3760,      
    95.5406,      
    95.5771,      
    89.3669,      
    90.4936,      
    91.2666,      
    91.7835,      
    93.0069,      
    93.4621,      
    93.7785,      
    93.9994,      
    86.8911,      
    86.9391,      
    87.2645,      
    88.4882,      
    89.6442,      
    90.4352,      
    91.2510,      
    91.2636,      
    80.0712,      
    83.1803,      
    85.9974,      
    89.9229,      
    91.2738,      
    92.9276,      
    93.8232,      
    95.8151,      
    67.8903,      
    74.9272,      
    80.2244,      
    84.2202,      
    87.0045,      
    90.0701,      
    91.3298,      
    92.3404,      
    53.3977,      
    58.7732,      
    64.1750,      
    72.2797,      
    78.4919,      
    82.4113,      
    85.8882,      
    88.3034,      
    37.9026,      
    41.0025,      
    45.2954,      
    49.6418,      
    58.1061,      
    66.3122,      
    71.4373,      
    74.9826;