real ExposedPopulationShare[26, 4, 9] =
    0.0152,       
    0.0190,       
    0.0575,       
    0.1710,       
    0.3552,       
    0.5117,       
    0.5728,       
    0.6102,       
    0.6898,       
    0.0000,       
    0.0000,       
    0.0000,       
    0.0000,       
    0.0191,       
    0.0573,       
    0.1774,       
    0.3650,       
    0.5513,       
    0.0000,       
    0.0000,       
    0.0000,       
    0.0000,       
    0.0000,       
    0.0000,       
    0.0000,       
    0.0151,       
    0.0639,       
    0.0000,       
    0.0000,       
    0.0000,       
    0.0000,       
    0.0000,       
    0.0000,       
    0.0000,       
    0.0000,       
    0.0000,       
    0.7817,       
    0.7960,       
    0.8235,       
    0.8688,       
    0.8858,       
    0.9139,       
    0.9215,       
    0.9408,       
    0.9524,       
    0.6040,       
    0.6198,       
    0.6722,       
    0.7297,       
    0.7942,       
    0.8337,       
    0.8640,       
    0.8833,       
    0.9012,       
    0.4257,       
    0.4317,       
    0.4716,       
    0.5534,       
    0.5988,       
    0.6393,       
    0.6997,       
    0.7540,       
    0.8054,       
    0.2531,       
    0.2573,       
    0.2751,       
    0.3239,       
    0.3617,       
    0.4112,       
    0.4355,       
    0.4782,       
    0.5505,       
    0.4974,       
    0.5067,       
    0.5307,       
    0.5514,       
    0.5977,       
    0.6231,       
    0.6511,       
    0.6789,       
    0.6864,       
    0.4391,       
    0.4762,       
    0.4795,       
    0.4909,       
    0.5255,       
    0.5365,       
    0.5767,       
    0.6155,       
    0.6278,       
    0.4034,       
    0.4037,       
    0.4054,       
    0.4113,       
    0.4764,       
    0.4803,       
    0.4978,       
    0.5188,       
    0.5333,       
    0.3448,       
    0.3572,       
    0.3671,       
    0.3810,       
    0.3956,       
    0.4031,       
    0.4162,       
    0.4332,       
    0.4708,       
    0.8109,       
    0.8219,       
    0.8341,       
    0.8513,       
    0.8771,       
    0.8944,       
    0.9092,       
    0.9097,       
    0.9097,       
    0.7827,       
    0.8007,       
    0.8054,       
    0.8287,       
    0.8513,       
    0.8771,       
    0.8944,       
    0.9036,       
    0.9092,       
    0.7288,       
    0.7315,       
    0.7613,       
    0.7867,       
    0.8054,       
    0.8331,       
    0.8513,       
    0.8771,       
    0.8944,       
    0.6424,       
    0.6558,       
    0.6962,       
    0.7075,       
    0.7387,       
    0.7773,       
    0.7903,       
    0.8158,       
    0.8331,       
    0.9435,       
    0.9531,       
    0.9631,       
    0.9723,       
    0.9758,       
    0.9925,       
    0.9937,       
    0.9961,       
    0.9962,       
    0.7945,       
    0.8021,       
    0.8256,       
    0.9343,       
    0.9566,       
    0.9667,       
    0.9737,       
    0.9760,       
    0.9876,       
    0.6379,       
    0.6640,       
    0.7005,       
    0.7568,       
    0.8008,       
    0.8296,       
    0.9294,       
    0.9486,       
    0.9591,       
    0.5137,       
    0.5269,       
    0.5583,       
    0.5876,       
    0.6136,       
    0.6449,       
    0.7029,       
    0.7419,       
    0.7855,       
    0.5161,       
    0.5245,       
    0.5272,       
    0.5390,       
    0.5788,       
    0.5916,       
    0.6156,       
    0.6269,       
    0.6383,       
    0.4159,       
    0.4482,       
    0.4936,       
    0.5087,       
    0.5275,       
    0.5464,       
    0.5812,       
    0.5890,       
    0.6090,       
    0.3253,       
    0.3475,       
    0.3651,       
    0.3711,       
    0.3864,       
    0.4094,       
    0.4456,       
    0.5200,       
    0.5414,       
    0.2766,       
    0.2851,       
    0.2967,       
    0.3104,       
    0.3177,       
    0.3497,       
    0.3612,       
    0.3728,       
    0.3806,       
    0.9981,       
    0.9989,       
    0.9994,       
    0.9994,       
    0.9994,       
    1.0000,       
    1.0000,       
    1.0000,       
    1.0000,       
    0.9687,       
    0.9835,       
    0.9909,       
    0.9934,       
    0.9967,       
    0.9991,       
    0.9994,       
    0.9994,       
    0.9994,       
    0.8462,       
    0.8585,       
    0.9079,       
    0.9270,       
    0.9496,       
    0.9719,       
    0.9849,       
    0.9878,       
    0.9929,       
    0.6326,       
    0.6401,       
    0.7000,       
    0.7301,       
    0.7554,       
    0.8038,       
    0.8387,       
    0.8835,       
    0.9033,       
    0.9714,       
    0.9724,       
    0.9729,       
    0.9757,       
    0.9786,       
    0.9874,       
    0.9875,       
    0.9876,       
    0.9880,       
    0.9606,       
    0.9636,       
    0.9665,       
    0.9727,       
    0.9731,       
    0.9778,       
    0.9793,       
    0.9848,       
    0.9873,       
    0.9439,       
    0.9466,       
    0.9528,       
    0.9603,       
    0.9663,       
    0.9720,       
    0.9733,       
    0.9769,       
    0.9788,       
    0.8922,       
    0.8975,       
    0.9164,       
    0.9381,       
    0.9505,       
    0.9554,       
    0.9611,       
    0.9657,       
    0.9717,       
    0.4773,       
    0.4808,       
    0.5097,       
    0.5370,       
    0.5700,       
    0.6032,       
    0.6291,       
    0.6409,       
    0.6657,       
    0.4073,       
    0.4146,       
    0.4432,       
    0.4898,       
    0.5166,       
    0.5413,       
    0.5759,       
    0.5964,       
    0.6212,       
    0.3726,       
    0.3785,       
    0.3898,       
    0.4057,       
    0.4416,       
    0.4856,       
    0.5127,       
    0.5284,       
    0.5489,       
    0.3160,       
    0.3243,       
    0.3417,       
    0.3551,       
    0.3700,       
    0.3910,       
    0.4062,       
    0.4399,       
    0.4643,       
    0.4874,       
    0.5142,       
    0.6061,       
    0.6479,       
    0.8556,       
    0.8846,       
    0.9051,       
    0.9243,       
    0.9316,       
    0.2531,       
    0.2727,       
    0.3712,       
    0.4892,       
    0.5155,       
    0.5475,       
    0.6560,       
    0.8464,       
    0.8784,       
    0.1374,       
    0.1688,       
    0.1805,       
    0.2061,       
    0.2754,       
    0.4105,       
    0.4716,       
    0.4808,       
    0.5149,       
    0.0265,       
    0.0346,       
    0.0531,       
    0.0787,       
    0.1252,       
    0.1596,       
    0.1890,       
    0.2204,       
    0.2452,       
    0.2383,       
    0.2414,       
    0.2787,       
    0.2971,       
    0.3594,       
    0.3996,       
    0.4653,       
    0.5250,       
    0.5967,       
    0.1675,       
    0.1758,       
    0.1943,       
    0.2214,       
    0.2401,       
    0.2807,       
    0.3032,       
    0.3573,       
    0.3972,       
    0.0691,       
    0.0741,       
    0.0992,       
    0.1365,       
    0.1565,       
    0.1841,       
    0.2168,       
    0.2330,       
    0.2613,       
    0.0002,       
    0.0002,       
    0.0051,       
    0.0094,       
    0.0311,       
    0.0544,       
    0.0740,       
    0.1036,       
    0.1308,       
    0.2516,       
    0.2841,       
    0.3246,       
    0.3795,       
    0.4081,       
    0.4814,       
    0.5867,       
    0.7794,       
    0.8739,       
    0.1133,       
    0.1253,       
    0.1683,       
    0.2269,       
    0.3005,       
    0.3405,       
    0.4016,       
    0.4349,       
    0.5258,       
    0.0163,       
    0.0193,       
    0.0227,       
    0.0510,       
    0.1118,       
    0.1582,       
    0.2194,       
    0.2953,       
    0.3339,       
    0.0067,       
    0.0084,       
    0.0093,       
    0.0093,       
    0.0093,       
    0.0123,       
    0.0226,       
    0.0486,       
    0.0921,       
    0.7274,       
    0.7454,       
    0.7695,       
    0.8260,       
    0.9087,       
    0.9282,       
    0.9503,       
    0.9768,       
    0.9833,       
    0.3924,       
    0.3988,       
    0.5674,       
    0.6739,       
    0.7645,       
    0.8108,       
    0.8943,       
    0.9244,       
    0.9305,       
    0.3168,       
    0.3259,       
    0.3433,       
    0.3599,       
    0.3939,       
    0.4749,       
    0.6763,       
    0.7643,       
    0.7821,       
    0.2054,       
    0.2086,       
    0.2194,       
    0.2751,       
    0.2973,       
    0.3192,       
    0.3453,       
    0.3485,       
    0.3648,       
    0.3905,       
    0.4221,       
    0.4654,       
    0.6069,       
    0.6637,       
    0.7169,       
    0.8122,       
    0.9253,       
    0.9814,       
    0.0472,       
    0.0631,       
    0.2039,       
    0.3138,       
    0.4252,       
    0.5160,       
    0.6335,       
    0.6732,       
    0.7608,       
    0.0000,       
    0.0000,       
    0.0000,       
    0.0000,       
    0.0366,       
    0.1100,       
    0.2988,       
    0.3859,       
    0.4676,       
    0.0000,       
    0.0000,       
    0.0000,       
    0.0000,       
    0.0000,       
    0.0000,       
    0.0000,       
    0.0000,       
    0.0019,       
    0.8034,       
    0.8102,       
    0.8278,       
    0.8584,       
    0.8657,       
    0.8708,       
    0.8997,       
    0.9137,       
    0.9145,       
    0.7019,       
    0.7052,       
    0.7097,       
    0.7551,       
    0.8069,       
    0.8322,       
    0.8541,       
    0.8694,       
    0.8710,       
    0.5924,       
    0.5931,       
    0.6386,       
    0.6416,       
    0.6765,       
    0.7055,       
    0.7455,       
    0.7637,       
    0.7801,       
    0.3136,       
    0.3888,       
    0.4030,       
    0.4645,       
    0.5431,       
    0.5795,       
    0.5916,       
    0.6378,       
    0.6412,       
    0.2686,       
    0.2849,       
    0.3496,       
    0.4156,       
    0.5001,       
    0.6086,       
    0.7418,       
    0.8207,       
    0.8656,       
    0.1725,       
    0.1820,       
    0.1970,       
    0.2351,       
    0.2747,       
    0.3335,       
    0.3920,       
    0.4631,       
    0.5937,       
    0.0637,       
    0.0648,       
    0.1014,       
    0.1352,       
    0.1629,       
    0.1852,       
    0.2206,       
    0.2449,       
    0.2814,       
    0.0290,       
    0.0291,       
    0.0363,       
    0.0388,       
    0.0472,       
    0.0603,       
    0.0820,       
    0.1190,       
    0.1425,       
    0.9206,       
    0.9235,       
    0.9293,       
    0.9423,       
    0.9435,       
    0.9593,       
    0.9692,       
    0.9707,       
    0.9746,       
    0.8768,       
    0.8811,       
    0.9099,       
    0.9204,       
    0.9260,       
    0.9417,       
    0.9537,       
    0.9593,       
    0.9631,       
    0.8177,       
    0.8225,       
    0.8352,       
    0.8538,       
    0.8807,       
    0.9024,       
    0.9204,       
    0.9241,       
    0.9410,       
    0.6234,       
    0.6382,       
    0.6739,       
    0.7267,       
    0.7840,       
    0.8113,       
    0.8324,       
    0.8460,       
    0.8642,       
    0.9823,       
    0.9830,       
    0.9833,       
    0.9848,       
    0.9866,       
    0.9873,       
    0.9882,       
    0.9889,       
    0.9901,       
    0.9798,       
    0.9797,       
    0.9820,       
    0.9823,       
    0.9830,       
    0.9848,       
    0.9861,       
    0.9870,       
    0.9881,       
    0.9782,       
    0.9787,       
    0.9797,       
    0.9797,       
    0.9797,       
    0.9820,       
    0.9830,       
    0.9833,       
    0.9853,       
    0.9636,       
    0.9655,       
    0.9674,       
    0.9723,       
    0.9763,       
    0.9785,       
    0.9796,       
    0.9795,       
    0.9816,       
    0.8482,       
    0.8698,       
    0.8835,       
    0.9033,       
    0.9509,       
    0.9601,       
    0.9622,       
    0.9661,       
    0.9684,       
    0.7068,       
    0.7519,       
    0.7942,       
    0.8262,       
    0.8613,       
    0.8836,       
    0.9011,       
    0.9265,       
    0.9574,       
    0.0006,       
    0.0037,       
    0.0234,       
    0.1907,       
    0.5404,       
    0.7322,       
    0.7988,       
    0.8196,       
    0.8336,       
    0.0000,       
    0.0000,       
    0.0000,       
    0.0000,       
    0.0000,       
    0.0000,       
    0.0000,       
    0.0008,       
    0.0200,       
    0.8579,       
    0.8669,       
    0.8873,       
    0.9046,       
    0.9190,       
    0.9273,       
    0.9406,       
    0.9483,       
    0.9570,       
    0.7864,       
    0.7919,       
    0.8161,       
    0.8430,       
    0.8688,       
    0.8893,       
    0.9055,       
    0.9169,       
    0.9261,       
    0.7028,       
    0.7128,       
    0.7297,       
    0.7505,       
    0.7771,       
    0.7982,       
    0.8197,       
    0.8435,       
    0.8671,       
    0.3270,       
    0.3663,       
    0.4847,       
    0.5617,       
    0.6265,       
    0.6773,       
    0.7036,       
    0.7205,       
    0.7412,       
    0.9839,       
    0.9843,       
    0.9872,       
    0.9891,       
    0.9908,       
    0.9913,       
    0.9920,       
    0.9921,       
    0.9921,       
    0.9721,       
    0.9738,       
    0.9818,       
    0.9852,       
    0.9887,       
    0.9891,       
    0.9908,       
    0.9913,       
    0.9920,       
    0.9592,       
    0.9596,       
    0.9634,       
    0.9719,       
    0.9773,       
    0.9850,       
    0.9876,       
    0.9890,       
    0.9891,       
    0.9303,       
    0.9337,       
    0.9383,       
    0.9485,       
    0.9592,       
    0.9636,       
    0.9716,       
    0.9753,       
    0.9853,       
    0.9690,       
    0.9690,       
    0.9715,       
    0.9730,       
    0.9745,       
    0.9761,       
    0.9805,       
    0.9822,       
    0.9868,       
    0.9646,       
    0.9684,       
    0.9690,       
    0.9700,       
    0.9728,       
    0.9736,       
    0.9761,       
    0.9775,       
    0.9814,       
    0.9406,       
    0.9575,       
    0.9635,       
    0.9684,       
    0.9690,       
    0.9716,       
    0.9730,       
    0.9744,       
    0.9758,       
    0.9275,       
    0.9278,       
    0.9321,       
    0.9395,       
    0.9585,       
    0.9653,       
    0.9690,       
    0.9697,       
    0.9720,       
    0.8811,       
    0.8812,       
    0.9059,       
    0.9144,       
    0.9210,       
    0.9237,       
    0.9347,       
    0.9722,       
    0.9760,       
    0.8183,       
    0.8200,       
    0.8379,       
    0.8471,       
    0.8750,       
    0.8980,       
    0.9101,       
    0.9159,       
    0.9226,       
    0.5671,       
    0.5876,       
    0.6952,       
    0.7403,       
    0.7512,       
    0.7624,       
    0.8268,       
    0.8400,       
    0.8478,       
    0.0116,       
    0.0117,       
    0.0123,       
    0.0140,       
    0.1073,       
    0.2701,       
    0.3395,       
    0.5666,       
    0.6041,       
    0.6957,       
    0.7075,       
    0.7178,       
    0.7618,       
    0.7791,       
    0.8005,       
    0.8174,       
    0.8213,       
    0.8236,       
    0.3598,       
    0.3679,       
    0.4345,       
    0.5367,       
    0.5699,       
    0.6357,       
    0.7100,       
    0.7387,       
    0.7494,       
    0.1295,       
    0.1460,       
    0.1533,       
    0.1886,       
    0.2834,       
    0.3000,       
    0.3675,       
    0.5340,       
    0.5456,       
    0.0947,       
    0.0965,       
    0.1034,       
    0.1071,       
    0.1162,       
    0.1186,       
    0.1292,       
    0.1467,       
    0.1772,       
    0.9330,       
    0.9330,       
    0.9383,       
    0.9418,       
    0.9546,       
    0.9557,       
    0.9573,       
    0.9609,       
    0.9641,       
    0.9177,       
    0.9181,       
    0.9306,       
    0.9322,       
    0.9373,       
    0.9414,       
    0.9537,       
    0.9554,       
    0.9557,       
    0.8928,       
    0.8937,       
    0.9050,       
    0.9127,       
    0.9179,       
    0.9301,       
    0.9346,       
    0.9378,       
    0.9400,       
    0.8664,       
    0.8689,       
    0.8694,       
    0.8727,       
    0.8850,       
    0.8965,       
    0.9044,       
    0.9126,       
    0.9127,       
    0.7814,       
    0.8007,       
    0.8317,       
    0.8599,       
    0.8991,       
    0.9126,       
    0.9291,       
    0.9380,       
    0.9580,       
    0.6460,       
    0.6789,       
    0.7492,       
    0.8021,       
    0.8420,       
    0.8699,       
    0.9005,       
    0.9131,       
    0.9232,       
    0.5201,       
    0.5340,       
    0.5877,       
    0.6417,       
    0.7227,       
    0.7847,       
    0.8239,       
    0.8587,       
    0.8828,       
    0.3640,       
    0.3790,       
    0.4100,       
    0.4529,       
    0.4963,       
    0.5809,       
    0.6630,       
    0.7142,       
    0.7497;