real ExposedPopulationShare[26, 4, 9] =
    1.5204,       
    1.9077,       
    5.7763,       
    17.1702,      
    35.6051,      
    51.2513,      
    57.3716,      
    61.1139,      
    69.0588,      
    0.0000,       
    0.0000,       
    0.0000,       
    0.0000,       
    1.9625,       
    5.8248,       
    17.9042,      
    36.6518,      
    55.2308,      
    0.0000,       
    0.0000,       
    0.0000,       
    0.0000,       
    0.0000,       
    0.0000,       
    0.0000,       
    1.5901,       
    6.5188,       
    0.0000,       
    0.0000,       
    0.0000,       
    0.0000,       
    0.0000,       
    0.0000,       
    0.0000,       
    0.0000,       
    0.0000,       
    78.1764,      
    79.6094,      
    82.3699,      
    86.9022,      
    88.6108,      
    91.4212,      
    92.1884,      
    94.1105,      
    95.2722,      
    60.3975,      
    61.9900,      
    67.2490,      
    73.0091,      
    79.4777,      
    83.4221,      
    86.4515,      
    88.3858,      
    90.1621,      
    42.5715,      
    43.1837,      
    47.2062,      
    55.4155,      
    59.9752,      
    64.0294,      
    70.0592,      
    75.4811,      
    80.6072,      
    25.3124,      
    25.7479,      
    27.5773,      
    32.5037,      
    36.3166,      
    41.2852,      
    43.7214,      
    47.9999,      
    55.2127,      
    49.7340,      
    50.6594,      
    53.0414,      
    55.1037,      
    59.7147,      
    62.2500,      
    65.0404,      
    67.8201,      
    68.5550,      
    43.9118,      
    47.6078,      
    47.9292,      
    49.0462,      
    52.4878,      
    53.5707,      
    57.5788,      
    61.4558,      
    62.6807,      
    40.3380,      
    40.3655,      
    40.5112,      
    41.0767,      
    47.5730,      
    47.9493,      
    49.6861,      
    51.7712,      
    53.2027,      
    34.4801,      
    35.7169,      
    36.6874,      
    38.0701,      
    39.5205,      
    40.2567,      
    41.5130,      
    43.1968,      
    46.9398,      
    81.0858,      
    82.1888,      
    83.4112,      
    85.1302,      
    87.7130,      
    89.4450,      
    90.9212,      
    90.9690,      
    90.9690,      
    78.2700,      
    80.0672,      
    80.5405,      
    82.8755,      
    85.1302,      
    87.7129,      
    89.4448,      
    90.3637,      
    90.9213,      
    72.8802,      
    73.1461,      
    76.1343,      
    78.6706,      
    80.5405,      
    83.3069,      
    85.1299,      
    87.7124,      
    89.4442,      
    64.2358,      
    65.5761,      
    69.6166,      
    70.7506,      
    73.8723,      
    77.7342,      
    79.0317,      
    81.5828,      
    83.3062,      
    94.3523,      
    95.3082,      
    96.3139,      
    97.2289,      
    97.5828,      
    99.2461,      
    99.3667,      
    99.6065,      
    99.6206,      
    79.4542,      
    80.2132,      
    82.5652,      
    93.4321,      
    95.6567,      
    96.6659,      
    97.3697,      
    97.6031,      
    98.7587,      
    63.7945,      
    66.4033,      
    70.0556,      
    75.6857,      
    80.0809,      
    82.9669,      
    92.9379,      
    94.8564,      
    95.9105,      
    51.3669,      
    52.6881,      
    55.8272,      
    58.7641,      
    61.3655,      
    64.4910,      
    70.2938,      
    74.1886,      
    78.5521,      
    51.6141,      
    52.4468,      
    52.7201,      
    53.8881,      
    57.8747,      
    59.1452,      
    61.5495,      
    62.6802,      
    63.8190,      
    41.5889,      
    44.8222,      
    49.3575,      
    50.8614,      
    52.7395,      
    54.6276,      
    58.1072,      
    58.8843,      
    60.8865,      
    32.5278,      
    34.7528,      
    36.5033,      
    37.0994,      
    38.6226,      
    40.9208,      
    44.5394,      
    51.9842,      
    54.1185,      
    27.6627,      
    28.5125,      
    29.6629,      
    31.0309,      
    31.7634,      
    34.9541,      
    36.1025,      
    37.2593,      
    38.0411,      
    99.8122,      
    99.8861,      
    99.9449,      
    99.9449,      
    99.9449,      
    99.9988,      
    99.9988,      
    99.9988,      
    99.9988,      
    96.8716,      
    98.3528,      
    99.0850,      
    99.3402,      
    99.6719,      
    99.9146,      
    99.9449,      
    99.9449,      
    99.9449,      
    84.6184,      
    85.8465,      
    90.7860,      
    92.7016,      
    94.9641,      
    97.1904,      
    98.4857,      
    98.7823,      
    99.2905,      
    63.2643,      
    64.0098,      
    69.9998,      
    73.0072,      
    75.5401,      
    80.3791,      
    83.8689,      
    88.3473,      
    90.3285,      
    97.1402,      
    97.2383,      
    97.2916,      
    97.5724,      
    97.8627,      
    98.7445,      
    98.7554,      
    98.7741,      
    98.8032,      
    96.0636,      
    96.3562,      
    96.6548,      
    97.2725,      
    97.3131,      
    97.7897,      
    97.9383,      
    98.4939,      
    98.7353,      
    94.3925,      
    94.6616,      
    95.2853,      
    96.0378,      
    96.6379,      
    97.2110,      
    97.3390,      
    97.7005,      
    97.8884,      
    89.2157,      
    89.7576,      
    91.6492,      
    93.8251,      
    95.0704,      
    95.5590,      
    96.1243,      
    96.5901,      
    97.1786,      
    47.7332,      
    48.0805,      
    50.9677,      
    53.6913,      
    56.9916,      
    60.3100,      
    62.8938,      
    64.0717,      
    66.5494,      
    40.7327,      
    41.4619,      
    44.3183,      
    48.9762,      
    51.6564,      
    54.1163,      
    57.5789,      
    59.6177,      
    62.1016,      
    37.2590,      
    37.8475,      
    38.9866,      
    40.5698,      
    44.1530,      
    48.5574,      
    51.2664,      
    52.8324,      
    54.8797,      
    31.6036,      
    32.4269,      
    34.1683,      
    35.5125,      
    36.9983,      
    39.0991,      
    40.6140,      
    43.9943,      
    46.4349,      
    48.7451,      
    51.4280,      
    60.6242,      
    64.7942,      
    85.5304,      
    88.4866,      
    90.5217,      
    92.4130,      
    93.1462,      
    25.3146,      
    27.2855,      
    37.1460,      
    48.9835,      
    51.6449,      
    54.8499,      
    65.6780,      
    84.6729,      
    87.8889,      
    13.7479,      
    16.8953,      
    18.1002,      
    20.7111,      
    27.6937,      
    41.1489,      
    47.3678,      
    48.3117,      
    51.6936,      
    2.6521,       
    3.4659,       
    5.3378,       
    8.0001,       
    12.7179,      
    16.2153,      
    19.1912,      
    22.3373,      
    24.8158,      
    23.8307,      
    24.1374,      
    27.8725,      
    29.7140,      
    35.9443,      
    39.9620,      
    46.5379,      
    52.5048,      
    59.6891,      
    16.7493,      
    17.5773,      
    19.4319,      
    22.1396,      
    24.0106,      
    28.0687,      
    30.3265,      
    35.7309,      
    39.7207,      
    6.9079,       
    7.4085,       
    9.9215,       
    13.6444,      
    15.6489,      
    18.4082,      
    21.6779,      
    23.2978,      
    26.1250,      
    0.0249,       
    0.0249,       
    0.5063,       
    0.9428,       
    3.1106,       
    5.4390,       
    7.3935,       
    10.3596,      
    13.0737,      
    25.1597,      
    28.4163,      
    32.4559,      
    37.9384,      
    40.7980,      
    48.1241,      
    58.6551,      
    77.9333,      
    87.3996,      
    11.3333,      
    12.5332,      
    16.8377,      
    22.6953,      
    30.0375,      
    34.0295,      
    40.1409,      
    43.4738,      
    52.5594,      
    1.6280,       
    1.9338,       
    2.2667,       
    5.0988,       
    11.1926,      
    15.8424,      
    21.9564,      
    29.4994,      
    33.3619,      
    0.6714,       
    0.8420,       
    0.9318,       
    0.9315,       
    0.9312,       
    1.2317,       
    2.2640,       
    4.8642,       
    9.2273,       
    72.7413,      
    74.5423,      
    76.9496,      
    82.6080,      
    90.8750,      
    92.8305,      
    95.0337,      
    97.6824,      
    98.3320,      
    39.2375,      
    39.8756,      
    56.7428,      
    67.3995,      
    76.4673,      
    81.0963,      
    89.4377,      
    92.4496,      
    93.0625,      
    31.6819,      
    32.5863,      
    34.3415,      
    36.0063,      
    39.4310,      
    47.5377,      
    67.6633,      
    76.4648,      
    78.2481,      
    20.5361,      
    20.8566,      
    21.9519,      
    27.5441,      
    29.7845,      
    31.9991,      
    34.6197,      
    34.9604,      
    36.6069,      
    39.0488,      
    42.2156,      
    46.5496,      
    60.7025,      
    66.3931,      
    71.7059,      
    81.2333,      
    92.5379,      
    98.1414,      
    4.7243,       
    6.3055,       
    20.3867,      
    31.3748,      
    42.5590,      
    51.6361,      
    63.3843,      
    67.3521,      
    76.1013,      
    0.0000,       
    0.0000,       
    0.0000,       
    0.0000,       
    3.6541,       
    10.9834,      
    29.8621,      
    38.6612,      
    46.8251,      
    0.0000,       
    0.0000,       
    0.0000,       
    0.0000,       
    0.0000,       
    0.0000,       
    0.0000,       
    0.0000,       
    0.1929,       
    80.3443,      
    81.0197,      
    82.7818,      
    85.8521,      
    86.5820,      
    87.0856,      
    89.9835,      
    91.3802,      
    91.4615,      
    70.1884,      
    70.5210,      
    70.9833,      
    75.5227,      
    80.7009,      
    83.2421,      
    85.4262,      
    86.9533,      
    87.1117,      
    59.2361,      
    59.3127,      
    63.8720,      
    64.1849,      
    67.6820,      
    70.5874,      
    74.5892,      
    76.3835,      
    78.0312,      
    31.3576,      
    38.8851,      
    40.3137,      
    46.4668,      
    54.3415,      
    57.9861,      
    59.2034,      
    63.8306,      
    64.1633,      
    26.8566,      
    28.4910,      
    34.9807,      
    41.5918,      
    50.0505,      
    60.9051,      
    74.2146,      
    82.0948,      
    86.5819,      
    17.2502,      
    18.2000,      
    19.7153,      
    23.5473,      
    27.5296,      
    33.4253,      
    39.2825,      
    46.3956,      
    59.4327,      
    6.3688,       
    6.4888,       
    10.1550,      
    13.5586,      
    16.3456,      
    18.6061,      
    22.1530,      
    24.6019,      
    28.2593,      
    2.9043,       
    2.9128,       
    3.6450,       
    3.9143,       
    4.7662,       
    6.1152,       
    8.2986,       
    12.0091,      
    14.3665,      
    92.0592,      
    92.3506,      
    92.9260,      
    94.2250,      
    94.3487,      
    95.9240,      
    96.9167,      
    97.0682,      
    97.4540,      
    87.6826,      
    88.1073,      
    90.9881,      
    92.0403,      
    92.5945,      
    94.1700,      
    95.3722,      
    95.9238,      
    96.3066,      
    81.7657,      
    82.2466,      
    83.5212,      
    85.3741,      
    88.0664,      
    90.2383,      
    92.0424,      
    92.4093,      
    94.1006,      
    62.3377,      
    63.8251,      
    67.3967,      
    72.6742,      
    78.4087,      
    81.1295,      
    83.2398,      
    84.5931,      
    86.4175,      
    98.2313,      
    98.2987,      
    98.3350,      
    98.4785,      
    98.6581,      
    98.7348,      
    98.8202,      
    98.8908,      
    99.0146,      
    97.9759,      
    97.9733,      
    98.1987,      
    98.2318,      
    98.2990,      
    98.4780,      
    98.6096,      
    98.6982,      
    98.8108,      
    97.8221,      
    97.8714,      
    97.9663,      
    97.9583,      
    97.9552,      
    98.1994,      
    98.2991,      
    98.3301,      
    98.5337,      
    96.3622,      
    96.5472,      
    96.7262,      
    97.2143,      
    97.6157,      
    97.8351,      
    97.9343,      
    97.9279,      
    98.1654,      
    84.8219,      
    86.9821,      
    88.3381,      
    90.3128,      
    95.0744,      
    95.9856,      
    96.1956,      
    96.5809,      
    96.8147,      
    70.6765,      
    75.1869,      
    79.4105,      
    82.5977,      
    86.1094,      
    88.3279,      
    90.0644,      
    92.5960,      
    95.7031,      
    0.0567,       
    0.3710,       
    2.3442,       
    19.0683,      
    54.0292,      
    73.1860,      
    79.8355,      
    81.9025,      
    83.3110,      
    0.0000,       
    0.0000,       
    0.0000,       
    0.0000,       
    0.0000,       
    0.0000,       
    0.0000,       
    0.0822,       
    1.9947,       
    85.7876,      
    86.6931,      
    88.7339,      
    90.4602,      
    91.8974,      
    92.7242,      
    94.0587,      
    94.8314,      
    95.6969,      
    78.6428,      
    79.1906,      
    81.6124,      
    84.2980,      
    86.8816,      
    88.9313,      
    90.5504,      
    91.6899,      
    92.6064,      
    70.2803,      
    71.2753,      
    72.9720,      
    75.0500,      
    77.7146,      
    79.8252,      
    81.9774,      
    84.3587,      
    86.7168,      
    32.7008,      
    36.6325,      
    48.4693,      
    56.1664,      
    62.6494,      
    67.7340,      
    70.3602,      
    72.0532,      
    74.1288,      
    98.3883,      
    98.4321,      
    98.7189,      
    98.9095,      
    99.0769,      
    99.1284,      
    99.1967,      
    99.2064,      
    99.2145,      
    97.2119,      
    97.3764,      
    98.1813,      
    98.5177,      
    98.8753,      
    98.9121,      
    99.0789,      
    99.1304,      
    99.1968,      
    95.9240,      
    95.9623,      
    96.3455,      
    97.1889,      
    97.7262,      
    98.5057,      
    98.7582,      
    98.9024,      
    98.9146,      
    93.0287,      
    93.3674,      
    93.8376,      
    94.8625,      
    95.9347,      
    96.3762,      
    97.1736,      
    97.5325,      
    98.5346,      
    96.8953,      
    96.9004,      
    97.1467,      
    97.3041,      
    97.4459,      
    97.6130,      
    98.0451,      
    98.2243,      
    98.6774,      
    96.4633,      
    96.8392,      
    96.8953,      
    96.9997,      
    97.2769,      
    97.3619,      
    97.6131,      
    97.7452,      
    98.1356,      
    94.0568,      
    95.7506,      
    96.3537,      
    96.8392,      
    96.8997,      
    97.1647,      
    97.3042,      
    97.4441,      
    97.5781,      
    92.7546,      
    92.7841,      
    93.2125,      
    93.9519,      
    95.8525,      
    96.5258,      
    96.8953,      
    96.9742,      
    97.2000,      
    88.1107,      
    88.1159,      
    90.5857,      
    91.4397,      
    92.1007,      
    92.3729,      
    93.4717,      
    97.2207,      
    97.5967,      
    81.8282,      
    82.0036,      
    83.7894,      
    84.7060,      
    87.5026,      
    89.7977,      
    91.0078,      
    91.5948,      
    92.2613,      
    56.7108,      
    58.7586,      
    69.5242,      
    74.0296,      
    75.1176,      
    76.2369,      
    82.6751,      
    84.0005,      
    84.7810,      
    1.1554,       
    1.1732,       
    1.2256,       
    1.4031,       
    10.7336,      
    27.0088,      
    33.9492,      
    56.6590,      
    60.4106,      
    69.5675,      
    70.7530,      
    71.7838,      
    76.1848,      
    77.9094,      
    80.0525,      
    81.7369,      
    82.1338,      
    82.3572,      
    35.9818,      
    36.7873,      
    43.4517,      
    53.6720,      
    56.9936,      
    63.5653,      
    71.0030,      
    73.8688,      
    74.9393,      
    12.9466,      
    14.5956,      
    15.3253,      
    18.8551,      
    28.3371,      
    29.9975,      
    36.7549,      
    53.4005,      
    54.5557,      
    9.4670,       
    9.6464,       
    10.3352,      
    10.7054,      
    11.6197,      
    11.8612,      
    12.9211,      
    14.6733,      
    17.7247,      
    93.2967,      
    93.2967,      
    93.8302,      
    94.1829,      
    95.4699,      
    95.5732,      
    95.7366,      
    96.1025,      
    96.4184,      
    91.7664,      
    91.8062,      
    93.0583,      
    93.2238,      
    93.7346,      
    94.1456,      
    95.3780,      
    95.5426,      
    95.5789,      
    89.2822,      
    89.3663,      
    90.4923,      
    91.2650,      
    91.7818,      
    93.0063,      
    93.4619,      
    93.7788,      
    93.9999,      
    86.6423,      
    86.8906,      
    86.9378,      
    87.2622,      
    88.4833,      
    89.6399,      
    90.4317,      
    91.2486,      
    91.2618,      
    78.1420,      
    80.0725,      
    83.1851,      
    86.0049,      
    89.9326,      
    91.2838,      
    92.9379,      
    93.8328,      
    95.8243,      
    64.5960,      
    67.8909,      
    74.9296,      
    80.2316,      
    84.2294,      
    87.0147,      
    90.0809,      
    91.3398,      
    92.3499,      
    52.0143,      
    53.3983,      
    58.7753,      
    64.1786,      
    72.2845,      
    78.5012,      
    82.4216,      
    85.8984,      
    88.3136,      
    36.3954,      
    37.9029,      
    41.0032,      
    45.2956,      
    49.6450,      
    58.1102,      
    66.3168,      
    71.4409,      
    74.9843;